trial_id,condition,seed,time_s,sensor_time_s,sample_age_s,true_distance_m,raw_distance_m,filtered_distance_m,expected_state,state,command,valid,event_label,invalid_reason,noise_sigma_m,delay_ms
C2_n0.00_d300_r05,C2,202617,0.0,0.0,nan,0.6,,,FAR,FAR,0.0,0,INVALID,MISSING_OR_DELAY_BUFFER,0.0,300
C2_n0.00_d300_r05,C2,202617,0.02,0.02,nan,0.6,,,FAR,FAR,0.0,0,INVALID,MISSING_OR_DELAY_BUFFER,0.0,300
C2_n0.00_d300_r05,C2,202617,0.04,0.04,nan,0.6,,,FAR,FAR,0.0,0,INVALID,MISSING_OR_DELAY_BUFFER,0.0,300
C2_n0.00_d300_r05,C2,202617,0.06,0.06,nan,0.6,,,FAR,FAR,0.0,0,INVALID,MISSING_OR_DELAY_BUFFER,0.0,300
C2_n0.00_d300_r05,C2,202617,0.08,0.08,nan,0.6,,,FAR,FAR,0.0,0,INVALID,MISSING_OR_DELAY_BUFFER,0.0,300
C2_n0.00_d300_r05,C2,202617,0.1,0.1,nan,0.6,,,FAR,FAR,0.0,0,INVALID,MISSING_OR_DELAY_BUFFER,0.0,300
C2_n0.00_d300_r05,C2,202617,0.12,0.12,nan,0.6,,,FAR,FAR,0.0,0,INVALID,MISSING_OR_DELAY_BUFFER,0.0,300
C2_n0.00_d300_r05,C2,202617,0.14,0.14,nan,0.6,,,FAR,FAR,0.0,0,INVALID,MISSING_OR_DELAY_BUFFER,0.0,300
C2_n0.00_d300_r05,C2,202617,0.16,0.16,nan,0.6,,,FAR,FAR,0.0,0,INVALID,MISSING_OR_DELAY_BUFFER,0.0,300
C2_n0.00_d300_r05,C2,202617,0.18,0.18,nan,0.6,,,FAR,FAR,0.0,0,INVALID,MISSING_OR_DELAY_BUFFER,0.0,300
C2_n0.00_d300_r05,C2,202617,0.2,0.2,nan,0.6,,,FAR,FAR,0.0,0,INVALID,MISSING_OR_DELAY_BUFFER,0.0,300
C2_n0.00_d300_r05,C2,202617,0.22,0.22,nan,0.6,,,FAR,FAR,0.0,0,INVALID,MISSING_OR_DELAY_BUFFER,0.0,300
C2_n0.00_d300_r05,C2,202617,0.24,0.24,nan,0.6,,,FAR,FAR,0.0,0,INVALID,MISSING_OR_DELAY_BUFFER,0.0,300
C2_n0.00_d300_r05,C2,202617,0.26,0.26,nan,0.6,,,FAR,FAR,0.0,0,INVALID,MISSING_OR_DELAY_BUFFER,0.0,300
C2_n0.00_d300_r05,C2,202617,0.28,0.28,nan,0.6,,,FAR,FAR,0.0,0,INVALID,MISSING_OR_DELAY_BUFFER,0.0,300
C2_n0.00_d300_r05,C2,202617,0.3,0.0,0.3,0.6,0.6,0.6,FAR,FAR,0.0,1,,,0.0,300
C2_n0.00_d300_r05,C2,202617,0.32,0.02,0.3,0.6,0.6,0.6,FAR,FAR,0.0,1,,,0.0,300
C2_n0.00_d300_r05,C2,202617,0.34,0.04,0.30000000000000004,0.6,0.6,0.6,FAR,FAR,0.0,1,,,0.0,300
C2_n0.00_d300_r05,C2,202617,0.36,0.06,0.3,0.6,0.6,0.6,FAR,FAR,0.0,1,,,0.0,300
C2_n0.00_d300_r05,C2,202617,0.38,0.08,0.3,0.6,0.6,0.6,FAR,FAR,0.0,1,,,0.0,300
C2_n0.00_d300_r05,C2,202617,0.4,0.1,0.30000000000000004,0.6,0.6,0.6,FAR,FAR,0.0,1,,,0.0,300
C2_n0.00_d300_r05,C2,202617,0.42,0.12,0.3,0.6,0.6,0.6,FAR,FAR,0.0,1,,,0.0,300
C2_n0.00_d300_r05,C2,202617,0.44,0.14,0.3,0.6,0.6,0.6,FAR,FAR,0.0,1,,,0.0,300
C2_n0.00_d300_r05,C2,202617,0.46,0.16,0.30000000000000004,0.6,0.6,0.6,FAR,FAR,0.0,1,,,0.0,300
C2_n0.00_d300_r05,C2,202617,0.48,0.18,0.3,0.6,0.6,0.6,FAR,FAR,0.0,1,,,0.0,300
C2_n0.00_d300_r05,C2,202617,0.5,0.2,0.3,0.6,0.6,0.6,FAR,FAR,0.0,1,,,0.0,300
C2_n0.00_d300_r05,C2,202617,0.52,0.22,0.30000000000000004,0.6,0.6,0.6,FAR,FAR,0.0,1,,,0.0,300
C2_n0.00_d300_r05,C2,202617,0.54,0.24,0.30000000000000004,0.6,0.6,0.6,FAR,FAR,0.0,1,,,0.0,300
C2_n0.00_d300_r05,C2,202617,0.56,0.26,0.30000000000000004,0.6,0.6,0.6,FAR,FAR,0.0,1,,,0.0,300
C2_n0.00_d300_r05,C2,202617,0.58,0.28,0.29999999999999993,0.6,0.6,0.6,FAR,FAR,0.0,1,,,0.0,300
C2_n0.00_d300_r05,C2,202617,0.6,0.3,0.3,0.6,0.6,0.6,FAR,FAR,0.0,1,,,0.0,300
C2_n0.00_d300_r05,C2,202617,0.62,0.32,0.3,0.6,0.6,0.6,FAR,FAR,0.0,1,,,0.0,300
C2_n0.00_d300_r05,C2,202617,0.64,0.34,0.3,0.6,0.6,0.6,FAR,FAR,0.0,1,,,0.0,300
C2_n0.00_d300_r05,C2,202617,0.66,0.36,0.30000000000000004,0.6,0.6,0.6,FAR,FAR,0.0,1,,,0.0,300
C2_n0.00_d300_r05,C2,202617,0.68,0.38,0.30000000000000004,0.6,0.6,0.6,FAR,FAR,0.0,1,,,0.0,300
C2_n0.00_d300_r05,C2,202617,0.7,0.4,0.29999999999999993,0.6,0.6,0.6,FAR,FAR,0.0,1,,,0.0,300
C2_n0.00_d300_r05,C2,202617,0.72,0.42,0.3,0.6,0.6,0.6,FAR,FAR,0.0,1,,,0.0,300
C2_n0.00_d300_r05,C2,202617,0.74,0.44,0.3,0.6,0.6,0.6,FAR,FAR,0.0,1,,,0.0,300
C2_n0.00_d300_r05,C2,202617,0.76,0.46,0.3,0.6,0.6,0.6,FAR,FAR,0.0,1,,,0.0,300
C2_n0.00_d300_r05,C2,202617,0.78,0.48,0.30000000000000004,0.6,0.6,0.6,FAR,FAR,0.0,1,,,0.0,300
C2_n0.00_d300_r05,C2,202617,0.8,0.5,0.30000000000000004,0.6,0.6,0.6,FAR,FAR,0.0,1,,,0.0,300
C2_n0.00_d300_r05,C2,202617,0.82,0.52,0.29999999999999993,0.6,0.6,0.6,FAR,FAR,0.0,1,,,0.0,300
C2_n0.00_d300_r05,C2,202617,0.84,0.54,0.29999999999999993,0.6,0.6,0.6,FAR,FAR,0.0,1,,,0.0,300
C2_n0.00_d300_r05,C2,202617,0.86,0.56,0.29999999999999993,0.6,0.6,0.6,FAR,FAR,0.0,1,,,0.0,300
C2_n0.00_d300_r05,C2,202617,0.88,0.58,0.30000000000000004,0.6,0.6,0.6,FAR,FAR,0.0,1,,,0.0,300
C2_n0.00_d300_r05,C2,202617,0.9,0.6,0.30000000000000004,0.6,0.6,0.6,FAR,FAR,0.0,1,,,0.0,300
C2_n0.00_d300_r05,C2,202617,0.92,0.62,0.30000000000000004,0.6,0.6,0.6,FAR,FAR,0.0,1,,,0.0,300
C2_n0.00_d300_r05,C2,202617,0.94,0.64,0.29999999999999993,0.6,0.6,0.6,FAR,FAR,0.0,1,,,0.0,300
C2_n0.00_d300_r05,C2,202617,0.96,0.66,0.29999999999999993,0.6,0.6,0.6,FAR,FAR,0.0,1,,,0.0,300
C2_n0.00_d300_r05,C2,202617,0.98,0.68,0.29999999999999993,0.6,0.6,0.6,FAR,FAR,0.0,1,,,0.0,300
C2_n0.00_d300_r05,C2,202617,1.0,0.7,0.30000000000000004,0.6,0.6,0.6,FAR,FAR,0.0,1,,,0.0,300
C2_n0.00_d300_r05,C2,202617,1.02,0.72,0.30000000000000004,0.6,0.6,0.6,FAR,FAR,0.0,1,,,0.0,300
C2_n0.00_d300_r05,C2,202617,1.04,0.74,0.30000000000000004,0.6,0.6,0.6,FAR,FAR,0.0,1,,,0.0,300
C2_n0.00_d300_r05,C2,202617,1.06,0.76,0.30000000000000004,0.6,0.6,0.6,FAR,FAR,0.0,1,,,0.0,300
C2_n0.00_d300_r05,C2,202617,1.08,0.78,0.30000000000000004,0.6,0.6,0.6,FAR,FAR,0.0,1,,,0.0,300
C2_n0.00_d300_r05,C2,202617,1.1,0.8,0.30000000000000004,0.6,0.6,0.6,FAR,FAR,0.0,1,,,0.0,300
C2_n0.00_d300_r05,C2,202617,1.12,0.82,0.30000000000000016,0.6,0.6,0.6,FAR,FAR,0.0,1,,,0.0,300
C2_n0.00_d300_r05,C2,202617,1.14,0.84,0.29999999999999993,0.6,0.6,0.6,FAR,FAR,0.0,1,,,0.0,300
C2_n0.00_d300_r05,C2,202617,1.16,0.86,0.29999999999999993,0.6,0.6,0.6,FAR,FAR,0.0,1,,,0.0,300
C2_n0.00_d300_r05,C2,202617,1.18,0.88,0.29999999999999993,0.6,0.6,0.6,FAR,FAR,0.0,1,,,0.0,300
C2_n0.00_d300_r05,C2,202617,1.2,0.9,0.29999999999999993,0.6,0.6,0.6,FAR,FAR,0.0,1,,,0.0,300
C2_n0.00_d300_r05,C2,202617,1.22,0.92,0.29999999999999993,0.6,0.6,0.6,FAR,FAR,0.0,1,,,0.0,300
C2_n0.00_d300_r05,C2,202617,1.24,0.94,0.30000000000000004,0.6,0.6,0.6,FAR,FAR,0.0,1,,,0.0,300
C2_n0.00_d300_r05,C2,202617,1.26,0.96,0.30000000000000004,0.6,0.6,0.6,FAR,FAR,0.0,1,,,0.0,300
C2_n0.00_d300_r05,C2,202617,1.28,0.98,0.30000000000000004,0.6,0.6,0.6,FAR,FAR,0.0,1,,,0.0,300
C2_n0.00_d300_r05,C2,202617,1.3,1.0,0.30000000000000004,0.6,0.6,0.6,FAR,FAR,0.0,1,,,0.0,300
C2_n0.00_d300_r05,C2,202617,1.32,1.02,0.30000000000000004,0.6,0.6,0.6,FAR,FAR,0.0,1,,,0.0,300
C2_n0.00_d300_r05,C2,202617,1.34,1.04,0.30000000000000004,0.6,0.6,0.6,FAR,FAR,0.0,1,,,0.0,300
C2_n0.00_d300_r05,C2,202617,1.36,1.06,0.30000000000000004,0.6,0.6,0.6,FAR,FAR,0.0,1,,,0.0,300
C2_n0.00_d300_r05,C2,202617,1.38,1.08,0.2999999999999998,0.6,0.6,0.6,FAR,FAR,0.0,1,,,0.0,300
C2_n0.00_d300_r05,C2,202617,1.4,1.1,0.2999999999999998,0.6,0.6,0.6,FAR,FAR,0.0,1,,,0.0,300
C2_n0.00_d300_r05,C2,202617,1.42,1.12,0.2999999999999998,0.6,0.6,0.6,FAR,FAR,0.0,1,,,0.0,300
C2_n0.00_d300_r05,C2,202617,1.44,1.14,0.30000000000000004,0.6,0.6,0.6,FAR,FAR,0.0,1,,,0.0,300
C2_n0.00_d300_r05,C2,202617,1.46,1.16,0.30000000000000004,0.6,0.6,0.6,FAR,FAR,0.0,1,,,0.0,300
C2_n0.00_d300_r05,C2,202617,1.48,1.18,0.30000000000000004,0.6,0.6,0.6,FAR,FAR,0.0,1,,,0.0,300
C2_n0.00_d300_r05,C2,202617,1.5,1.2,0.30000000000000004,0.6,0.6,0.6,FAR,FAR,0.0,1,,,0.0,300
C2_n0.00_d300_r05,C2,202617,1.52,1.22,0.30000000000000004,0.6,0.6,0.6,FAR,FAR,0.0,1,,,0.0,300
C2_n0.00_d300_r05,C2,202617,1.54,1.24,0.30000000000000004,0.6,0.6,0.6,FAR,FAR,0.0,1,,,0.0,300
C2_n0.00_d300_r05,C2,202617,1.56,1.26,0.30000000000000004,0.6,0.6,0.6,FAR,FAR,0.0,1,,,0.0,300
C2_n0.00_d300_r05,C2,202617,1.58,1.28,0.30000000000000004,0.6,0.6,0.6,FAR,FAR,0.0,1,,,0.0,300
C2_n0.00_d300_r05,C2,202617,1.6,1.3,0.30000000000000004,0.6,0.6,0.6,FAR,FAR,0.0,1,,,0.0,300
C2_n0.00_d300_r05,C2,202617,1.62,1.32,0.30000000000000004,0.6,0.6,0.6,FAR,FAR,0.0,1,,,0.0,300
C2_n0.00_d300_r05,C2,202617,1.64,1.34,0.2999999999999998,0.6,0.6,0.6,FAR,FAR,0.0,1,,,0.0,300
C2_n0.00_d300_r05,C2,202617,1.66,1.36,0.2999999999999998,0.6,0.6,0.6,FAR,FAR,0.0,1,,,0.0,300
C2_n0.00_d300_r05,C2,202617,1.68,1.38,0.30000000000000004,0.6,0.6,0.6,FAR,FAR,0.0,1,,,0.0,300
C2_n0.00_d300_r05,C2,202617,1.7,1.4,0.30000000000000004,0.6,0.6,0.6,FAR,FAR,0.0,1,,,0.0,300
C2_n0.00_d300_r05,C2,202617,1.72,1.42,0.30000000000000004,0.6,0.6,0.6,FAR,FAR,0.0,1,,,0.0,300
C2_n0.00_d300_r05,C2,202617,1.74,1.44,0.30000000000000004,0.6,0.6,0.6,FAR,FAR,0.0,1,,,0.0,300
C2_n0.00_d300_r05,C2,202617,1.76,1.46,0.30000000000000004,0.6,0.6,0.6,FAR,FAR,0.0,1,,,0.0,300
C2_n0.00_d300_r05,C2,202617,1.78,1.48,0.30000000000000004,0.6,0.6,0.6,FAR,FAR,0.0,1,,,0.0,300
C2_n0.00_d300_r05,C2,202617,1.8,1.5,0.30000000000000004,0.6,0.6,0.6,FAR,FAR,0.0,1,,,0.0,300
C2_n0.00_d300_r05,C2,202617,1.82,1.52,0.30000000000000004,0.6,0.6,0.6,FAR,FAR,0.0,1,,,0.0,300
C2_n0.00_d300_r05,C2,202617,1.84,1.54,0.30000000000000004,0.6,0.6,0.6,FAR,FAR,0.0,1,,,0.0,300
C2_n0.00_d300_r05,C2,202617,1.86,1.56,0.30000000000000004,0.6,0.6,0.6,FAR,FAR,0.0,1,,,0.0,300
C2_n0.00_d300_r05,C2,202617,1.88,1.58,0.2999999999999998,0.6,0.6,0.6,FAR,FAR,0.0,1,,,0.0,300
C2_n0.00_d300_r05,C2,202617,1.9,1.6,0.2999999999999998,0.6,0.6,0.6,FAR,FAR,0.0,1,,,0.0,300
C2_n0.00_d300_r05,C2,202617,1.92,1.62,0.2999999999999998,0.6,0.6,0.6,FAR,FAR,0.0,1,,,0.0,300
C2_n0.00_d300_r05,C2,202617,1.94,1.64,0.30000000000000004,0.6,0.6,0.6,FAR,FAR,0.0,1,,,0.0,300
C2_n0.00_d300_r05,C2,202617,1.96,1.66,0.30000000000000004,0.6,0.6,0.6,FAR,FAR,0.0,1,,,0.0,300
C2_n0.00_d300_r05,C2,202617,1.98,1.68,0.30000000000000004,0.6,0.6,0.6,FAR,FAR,0.0,1,,,0.0,300
C2_n0.00_d300_r05,C2,202617,2.0,1.7,0.30000000000000004,0.6,0.6,0.6,FAR,FAR,0.0,1,,,0.0,300
C2_n0.00_d300_r05,C2,202617,2.02,1.72,0.30000000000000004,0.6,0.6,0.6,FAR,FAR,0.0,1,,,0.0,300
C2_n0.00_d300_r05,C2,202617,2.04,1.74,0.30000000000000004,0.6,0.6,0.6,FAR,FAR,0.0,1,,,0.0,300
C2_n0.00_d300_r05,C2,202617,2.06,1.76,0.30000000000000004,0.6,0.6,0.6,FAR,FAR,0.0,1,,,0.0,300
C2_n0.00_d300_r05,C2,202617,2.08,1.78,0.30000000000000004,0.6,0.6,0.6,FAR,FAR,0.0,1,,,0.0,300
C2_n0.00_d300_r05,C2,202617,2.1,1.8,0.30000000000000004,0.6,0.6,0.6,FAR,FAR,0.0,1,,,0.0,300
C2_n0.00_d300_r05,C2,202617,2.12,1.82,0.30000000000000004,0.6,0.6,0.6,FAR,FAR,0.0,1,,,0.0,300
C2_n0.00_d300_r05,C2,202617,2.14,1.84,0.30000000000000004,0.6,0.6,0.6,FAR,FAR,0.0,1,,,0.0,300
C2_n0.00_d300_r05,C2,202617,2.16,1.86,0.30000000000000004,0.6,0.6,0.6,FAR,FAR,0.0,1,,,0.0,300
C2_n0.00_d300_r05,C2,202617,2.18,1.88,0.30000000000000027,0.6,0.6,0.6,FAR,FAR,0.0,1,,,0.0,300
C2_n0.00_d300_r05,C2,202617,2.2,1.9,0.30000000000000027,0.6,0.6,0.6,FAR,FAR,0.0,1,,,0.0,300
C2_n0.00_d300_r05,C2,202617,2.22,1.92,0.30000000000000027,0.6,0.6,0.6,FAR,FAR,0.0,1,,,0.0,300
C2_n0.00_d300_r05,C2,202617,2.24,1.94,0.30000000000000027,0.6,0.6,0.6,FAR,FAR,0.0,1,,,0.0,300
C2_n0.00_d300_r05,C2,202617,2.26,1.96,0.2999999999999998,0.6,0.6,0.6,FAR,FAR,0.0,1,,,0.0,300
C2_n0.00_d300_r05,C2,202617,2.28,1.98,0.2999999999999998,0.6,0.6,0.6,FAR,FAR,0.0,1,,,0.0,300
C2_n0.00_d300_r05,C2,202617,2.3,2.0,0.2999999999999998,0.6,0.6,0.6,FAR,FAR,0.0,1,,,0.0,300
C2_n0.00_d300_r05,C2,202617,2.32,2.02,0.2999999999999998,0.6,0.6,0.6,FAR,FAR,0.0,1,,,0.0,300
C2_n0.00_d300_r05,C2,202617,2.34,2.04,0.2999999999999998,0.6,0.6,0.6,FAR,FAR,0.0,1,,,0.0,300
C2_n0.00_d300_r05,C2,202617,2.36,2.06,0.2999999999999998,0.6,0.6,0.6,FAR,FAR,0.0,1,,,0.0,300
C2_n0.00_d300_r05,C2,202617,2.38,2.08,0.2999999999999998,0.6,0.6,0.6,FAR,FAR,0.0,1,,,0.0,300
C2_n0.00_d300_r05,C2,202617,2.4,2.1,0.2999999999999998,0.6,0.6,0.6,FAR,FAR,0.0,1,,,0.0,300
C2_n0.00_d300_r05,C2,202617,2.42,2.12,0.2999999999999998,0.6,0.6,0.6,FAR,FAR,0.0,1,,,0.0,300
C2_n0.00_d300_r05,C2,202617,2.44,2.14,0.2999999999999998,0.6,0.6,0.6,FAR,FAR,0.0,1,,,0.0,300
C2_n0.00_d300_r05,C2,202617,2.46,2.16,0.2999999999999998,0.6,0.6,0.6,FAR,FAR,0.0,1,,,0.0,300
C2_n0.00_d300_r05,C2,202617,2.48,2.18,0.2999999999999998,0.6,0.6,0.6,FAR,FAR,0.0,1,,,0.0,300
C2_n0.00_d300_r05,C2,202617,2.5,2.2,0.2999999999999998,0.6,0.6,0.6,FAR,FAR,0.0,1,,,0.0,300
C2_n0.00_d300_r05,C2,202617,2.52,2.22,0.2999999999999998,0.6,0.6,0.6,FAR,FAR,0.0,1,,,0.0,300
C2_n0.00_d300_r05,C2,202617,2.54,2.24,0.2999999999999998,0.6,0.6,0.6,FAR,FAR,0.0,1,,,0.0,300
C2_n0.00_d300_r05,C2,202617,2.56,2.26,0.30000000000000027,0.6,0.6,0.6,FAR,FAR,0.0,1,,,0.0,300
C2_n0.00_d300_r05,C2,202617,2.58,2.28,0.30000000000000027,0.6,0.6,0.6,FAR,FAR,0.0,1,,,0.0,300
C2_n0.00_d300_r05,C2,202617,2.6,2.3,0.30000000000000027,0.6,0.6,0.6,FAR,FAR,0.0,1,,,0.0,300
C2_n0.00_d300_r05,C2,202617,2.62,2.32,0.30000000000000027,0.6,0.6,0.6,FAR,FAR,0.0,1,,,0.0,300
C2_n0.00_d300_r05,C2,202617,2.64,2.34,0.30000000000000027,0.6,0.6,0.6,FAR,FAR,0.0,1,,,0.0,300
C2_n0.00_d300_r05,C2,202617,2.66,2.36,0.30000000000000027,0.6,0.6,0.6,FAR,FAR,0.0,1,,,0.0,300
C2_n0.00_d300_r05,C2,202617,2.68,2.38,0.30000000000000027,0.6,0.6,0.6,FAR,FAR,0.0,1,,,0.0,300
C2_n0.00_d300_r05,C2,202617,2.7,2.4,0.30000000000000027,0.6,0.6,0.6,FAR,FAR,0.0,1,,,0.0,300
C2_n0.00_d300_r05,C2,202617,2.72,2.42,0.30000000000000027,0.6,0.6,0.6,FAR,FAR,0.0,1,,,0.0,300
C2_n0.00_d300_r05,C2,202617,2.74,2.44,0.30000000000000027,0.6,0.6,0.6,FAR,FAR,0.0,1,,,0.0,300
C2_n0.00_d300_r05,C2,202617,2.76,2.46,0.2999999999999998,0.6,0.6,0.6,FAR,FAR,0.0,1,,,0.0,300
C2_n0.00_d300_r05,C2,202617,2.78,2.48,0.2999999999999998,0.6,0.6,0.6,FAR,FAR,0.0,1,,,0.0,300
C2_n0.00_d300_r05,C2,202617,2.8,2.5,0.2999999999999998,0.6,0.6,0.6,FAR,FAR,0.0,1,,,0.0,300
C2_n0.00_d300_r05,C2,202617,2.82,2.52,0.2999999999999998,0.6,0.6,0.6,FAR,FAR,0.0,1,,,0.0,300
C2_n0.00_d300_r05,C2,202617,2.84,2.54,0.2999999999999998,0.6,0.6,0.6,FAR,FAR,0.0,1,,,0.0,300
C2_n0.00_d300_r05,C2,202617,2.86,2.56,0.2999999999999998,0.6,0.6,0.6,FAR,FAR,0.0,1,,,0.0,300
C2_n0.00_d300_r05,C2,202617,2.88,2.58,0.2999999999999998,0.6,0.6,0.6,FAR,FAR,0.0,1,,,0.0,300
C2_n0.00_d300_r05,C2,202617,2.9,2.6,0.2999999999999998,0.6,0.6,0.6,FAR,FAR,0.0,1,,,0.0,300
C2_n0.00_d300_r05,C2,202617,2.92,2.62,0.2999999999999998,0.6,0.6,0.6,FAR,FAR,0.0,1,,,0.0,300
C2_n0.00_d300_r05,C2,202617,2.94,2.64,0.2999999999999998,0.6,0.6,0.6,FAR,FAR,0.0,1,,,0.0,300
C2_n0.00_d300_r05,C2,202617,2.96,2.66,0.2999999999999998,0.6,0.6,0.6,FAR,FAR,0.0,1,,,0.0,300
C2_n0.00_d300_r05,C2,202617,2.98,2.68,0.2999999999999998,0.6,0.6,0.6,FAR,FAR,0.0,1,,,0.0,300
C2_n0.00_d300_r05,C2,202617,3.0,2.7,0.2999999999999998,0.6,0.6,0.6,FAR,FAR,0.0,1,,,0.0,300
C2_n0.00_d300_r05,C2,202617,3.02,2.72,0.2999999999999998,0.6,0.6,0.6,FAR,FAR,0.0,1,,,0.0,300
C2_n0.00_d300_r05,C2,202617,3.04,2.74,0.2999999999999998,0.6,0.6,0.6,FAR,FAR,0.0,1,,,0.0,300
C2_n0.00_d300_r05,C2,202617,3.06,2.76,0.30000000000000027,0.6,0.6,0.6,FAR,FAR,0.0,1,,,0.0,300
C2_n0.00_d300_r05,C2,202617,3.08,2.78,0.30000000000000027,0.6,0.6,0.6,FAR,FAR,0.0,1,,,0.0,300
C2_n0.00_d300_r05,C2,202617,3.1,2.8,0.30000000000000027,0.6,0.6,0.6,FAR,FAR,0.0,1,,,0.0,300
C2_n0.00_d300_r05,C2,202617,3.12,2.82,0.30000000000000027,0.6,0.6,0.6,FAR,FAR,0.0,1,,,0.0,300
C2_n0.00_d300_r05,C2,202617,3.14,2.84,0.30000000000000027,0.6,0.6,0.6,FAR,FAR,0.0,1,,,0.0,300
C2_n0.00_d300_r05,C2,202617,3.16,2.86,0.30000000000000027,0.6,0.6,0.6,FAR,FAR,0.0,1,,,0.0,300
C2_n0.00_d300_r05,C2,202617,3.18,2.88,0.30000000000000027,0.6,0.6,0.6,FAR,FAR,0.0,1,,,0.0,300
C2_n0.00_d300_r05,C2,202617,3.2,2.9,0.30000000000000027,0.6,0.6,0.6,FAR,FAR,0.0,1,,,0.0,300
C2_n0.00_d300_r05,C2,202617,3.22,2.92,0.30000000000000027,0.6,0.6,0.6,FAR,FAR,0.0,1,,,0.0,300
C2_n0.00_d300_r05,C2,202617,3.24,2.94,0.30000000000000027,0.6,0.6,0.6,FAR,FAR,0.0,1,,,0.0,300
C2_n0.00_d300_r05,C2,202617,3.26,2.96,0.2999999999999998,0.6,0.6,0.6,FAR,FAR,0.0,1,,,0.0,300
C2_n0.00_d300_r05,C2,202617,3.28,2.98,0.2999999999999998,0.6,0.6,0.6,FAR,FAR,0.0,1,,,0.0,300
C2_n0.00_d300_r05,C2,202617,3.3,3.0,0.2999999999999998,0.6,0.6,0.6,FAR,FAR,0.0,1,,,0.0,300
C2_n0.00_d300_r05,C2,202617,3.32,3.02,0.2999999999999998,0.6,0.6,0.6,FAR,FAR,0.0,1,,,0.0,300
C2_n0.00_d300_r05,C2,202617,3.34,3.04,0.2999999999999998,0.6,0.6,0.6,FAR,FAR,0.0,1,,,0.0,300
C2_n0.00_d300_r05,C2,202617,3.36,3.06,0.2999999999999998,0.6,0.6,0.6,FAR,FAR,0.0,1,,,0.0,300
C2_n0.00_d300_r05,C2,202617,3.38,3.08,0.2999999999999998,0.6,0.6,0.6,FAR,FAR,0.0,1,,,0.0,300
C2_n0.00_d300_r05,C2,202617,3.4,3.1,0.2999999999999998,0.6,0.6,0.6,FAR,FAR,0.0,1,,,0.0,300
C2_n0.00_d300_r05,C2,202617,3.42,3.12,0.2999999999999998,0.6,0.6,0.6,FAR,FAR,0.0,1,,,0.0,300
C2_n0.00_d300_r05,C2,202617,3.44,3.14,0.2999999999999998,0.6,0.6,0.6,FAR,FAR,0.0,1,,,0.0,300
C2_n0.00_d300_r05,C2,202617,3.46,3.16,0.2999999999999998,0.6,0.6,0.6,FAR,FAR,0.0,1,,,0.0,300
C2_n0.00_d300_r05,C2,202617,3.48,3.18,0.2999999999999998,0.6,0.6,0.6,FAR,FAR,0.0,1,,,0.0,300
C2_n0.00_d300_r05,C2,202617,3.5,3.2,0.2999999999999998,0.6,0.6,0.6,FAR,FAR,0.0,1,,,0.0,300
C2_n0.00_d300_r05,C2,202617,3.52,3.22,0.2999999999999998,0.6,0.6,0.6,FAR,FAR,0.0,1,,,0.0,300
C2_n0.00_d300_r05,C2,202617,3.54,3.24,0.2999999999999998,0.6,0.6,0.6,FAR,FAR,0.0,1,,,0.0,300
C2_n0.00_d300_r05,C2,202617,3.56,3.26,0.30000000000000027,0.6,0.6,0.6,FAR,FAR,0.0,1,,,0.0,300
C2_n0.00_d300_r05,C2,202617,3.58,3.28,0.30000000000000027,0.6,0.6,0.6,FAR,FAR,0.0,1,,,0.0,300
C2_n0.00_d300_r05,C2,202617,3.6,3.3,0.30000000000000027,0.6,0.6,0.6,FAR,FAR,0.0,1,,,0.0,300
C2_n0.00_d300_r05,C2,202617,3.62,3.32,0.30000000000000027,0.6,0.6,0.6,FAR,FAR,0.0,1,,,0.0,300
C2_n0.00_d300_r05,C2,202617,3.64,3.34,0.30000000000000027,0.6,0.6,0.6,FAR,FAR,0.0,1,,,0.0,300
C2_n0.00_d300_r05,C2,202617,3.66,3.36,0.30000000000000027,0.6,0.6,0.6,FAR,FAR,0.0,1,,,0.0,300
C2_n0.00_d300_r05,C2,202617,3.68,3.38,0.30000000000000027,0.6,0.6,0.6,FAR,FAR,0.0,1,,,0.0,300
C2_n0.00_d300_r05,C2,202617,3.7,3.4,0.30000000000000027,0.6,0.6,0.6,FAR,FAR,0.0,1,,,0.0,300
C2_n0.00_d300_r05,C2,202617,3.72,3.42,0.30000000000000027,0.6,0.6,0.6,FAR,FAR,0.0,1,,,0.0,300
C2_n0.00_d300_r05,C2,202617,3.74,3.44,0.30000000000000027,0.6,0.6,0.6,FAR,FAR,0.0,1,,,0.0,300
C2_n0.00_d300_r05,C2,202617,3.76,3.46,0.2999999999999998,0.6,0.6,0.6,FAR,FAR,0.0,1,,,0.0,300
C2_n0.00_d300_r05,C2,202617,3.78,3.48,0.2999999999999998,0.6,0.6,0.6,FAR,FAR,0.0,1,,,0.0,300
C2_n0.00_d300_r05,C2,202617,3.8,3.5,0.2999999999999998,0.6,0.6,0.6,FAR,FAR,0.0,1,,,0.0,300
C2_n0.00_d300_r05,C2,202617,3.82,3.52,0.2999999999999998,0.6,0.6,0.6,FAR,FAR,0.0,1,,,0.0,300
C2_n0.00_d300_r05,C2,202617,3.84,3.54,0.2999999999999998,0.6,0.6,0.6,FAR,FAR,0.0,1,,,0.0,300
C2_n0.00_d300_r05,C2,202617,3.86,3.56,0.2999999999999998,0.6,0.6,0.6,FAR,FAR,0.0,1,,,0.0,300
C2_n0.00_d300_r05,C2,202617,3.88,3.58,0.2999999999999998,0.6,0.6,0.6,FAR,FAR,0.0,1,,,0.0,300
C2_n0.00_d300_r05,C2,202617,3.9,3.6,0.2999999999999998,0.6,0.6,0.6,FAR,FAR,0.0,1,,,0.0,300
C2_n0.00_d300_r05,C2,202617,3.92,3.62,0.2999999999999998,0.6,0.6,0.6,FAR,FAR,0.0,1,,,0.0,300
C2_n0.00_d300_r05,C2,202617,3.94,3.64,0.2999999999999998,0.6,0.6,0.6,FAR,FAR,0.0,1,,,0.0,300
C2_n0.00_d300_r05,C2,202617,3.96,3.66,0.2999999999999998,0.6,0.6,0.6,FAR,FAR,0.0,1,,,0.0,300
C2_n0.00_d300_r05,C2,202617,3.98,3.68,0.2999999999999998,0.6,0.6,0.6,FAR,FAR,0.0,1,,,0.0,300
C2_n0.00_d300_r05,C2,202617,4.0,3.7,0.2999999999999998,0.6,0.6,0.6,FAR,FAR,0.0,1,,,0.0,300
C2_n0.00_d300_r05,C2,202617,4.02,3.72,0.2999999999999994,0.5982500000000001,0.6,0.6,FAR,FAR,0.0,1,,,0.0,300
C2_n0.00_d300_r05,C2,202617,4.04,3.74,0.2999999999999998,0.5965,0.6,0.6,FAR,FAR,0.0,1,,,0.0,300
C2_n0.00_d300_r05,C2,202617,4.06,3.76,0.2999999999999998,0.59475,0.6,0.6,FAR,FAR,0.0,1,,,0.0,300
C2_n0.00_d300_r05,C2,202617,4.08,3.78,0.30000000000000027,0.593,0.6,0.6,FAR,FAR,0.0,1,,,0.0,300
C2_n0.00_d300_r05,C2,202617,4.1,3.8,0.2999999999999998,0.59125,0.6,0.6,FAR,FAR,0.0,1,,,0.0,300
C2_n0.00_d300_r05,C2,202617,4.12,3.82,0.30000000000000027,0.5894999999999999,0.6,0.6,FAR,FAR,0.0,1,,,0.0,300
C2_n0.00_d300_r05,C2,202617,4.14,3.84,0.2999999999999998,0.58775,0.6,0.6,FAR,FAR,0.0,1,,,0.0,300
C2_n0.00_d300_r05,C2,202617,4.16,3.86,0.30000000000000027,0.586,0.6,0.6,FAR,FAR,0.0,1,,,0.0,300
C2_n0.00_d300_r05,C2,202617,4.18,3.88,0.2999999999999998,0.58425,0.6,0.6,FAR,FAR,0.0,1,,,0.0,300
C2_n0.00_d300_r05,C2,202617,4.2,3.9,0.30000000000000027,0.5825,0.6,0.6,FAR,FAR,0.0,1,,,0.0,300
C2_n0.00_d300_r05,C2,202617,4.22,3.92,0.2999999999999998,0.58075,0.6,0.6,FAR,FAR,0.0,1,,,0.0,300
C2_n0.00_d300_r05,C2,202617,4.24,3.94,0.30000000000000027,0.579,0.6,0.6,FAR,FAR,0.0,1,,,0.0,300
C2_n0.00_d300_r05,C2,202617,4.26,3.96,0.2999999999999998,0.57725,0.6,0.6,FAR,FAR,0.0,1,,,0.0,300
C2_n0.00_d300_r05,C2,202617,4.28,3.98,0.30000000000000027,0.5754999999999999,0.6,0.6,FAR,FAR,0.0,1,,,0.0,300
C2_n0.00_d300_r05,C2,202617,4.3,4.0,0.2999999999999998,0.57375,0.6,0.6,FAR,FAR,0.0,1,,,0.0,300
C2_n0.00_d300_r05,C2,202617,4.32,4.02,0.3000000000000007,0.572,0.5982500000000001,0.5995625,FAR,FAR,0.0,1,,,0.0,300
C2_n0.00_d300_r05,C2,202617,4.34,4.04,0.2999999999999998,0.57025,0.5965,0.598796875,FAR,FAR,0.0,1,,,0.0,300
C2_n0.00_d300_r05,C2,202617,4.36,4.06,0.3000000000000007,0.5685,0.59475,0.59778515625,FAR,FAR,0.0,1,,,0.0,300
C2_n0.00_d300_r05,C2,202617,4.38,4.08,0.2999999999999998,0.56675,0.593,0.5965888671874999,FAR,FAR,0.0,1,,,0.0,300
C2_n0.00_d300_r05,C2,202617,4.4,4.1,0.3000000000000007,0.565,0.59125,0.595254150390625,FAR,FAR,0.0,1,,,0.0,300
C2_n0.00_d300_r05,C2,202617,4.42,4.12,0.2999999999999998,0.56325,0.5894999999999999,0.5938156127929688,FAR,FAR,0.0,1,,,0.0,300
C2_n0.00_d300_r05,C2,202617,4.44,4.14,0.3000000000000007,0.5614999999999999,0.58775,0.5922992095947266,FAR,FAR,0.0,1,,,0.0,300
C2_n0.00_d300_r05,C2,202617,4.46,4.16,0.2999999999999998,0.55975,0.586,0.5907244071960449,FAR,FAR,0.0,1,,,0.0,300
C2_n0.00_d300_r05,C2,202617,4.48,4.18,0.3000000000000007,0.5579999999999999,0.58425,0.5891058053970337,FAR,FAR,0.0,1,,,0.0,300
C2_n0.00_d300_r05,C2,202617,4.5,4.2,0.2999999999999998,0.55625,0.5825,0.5874543540477752,FAR,FAR,0.0,1,,,0.0,300
C2_n0.00_d300_r05,C2,202617,4.52,4.22,0.2999999999999998,0.5545,0.58075,0.5857782655358315,FAR,FAR,0.0,1,,,0.0,300
C2_n0.00_d300_r05,C2,202617,4.54,4.24,0.2999999999999998,0.55275,0.579,0.5840836991518736,FAR,FAR,0.0,1,,,0.0,300
C2_n0.00_d300_r05,C2,202617,4.56,4.26,0.2999999999999998,0.551,0.57725,0.5823752743639052,FAR,FAR,0.0,1,,,0.0,300
C2_n0.00_d300_r05,C2,202617,4.58,4.28,0.2999999999999998,0.54925,0.5754999999999999,0.5806564557729289,FAR,FAR,0.0,1,,,0.0,300
C2_n0.00_d300_r05,C2,202617,4.6,4.3,0.2999999999999998,0.5475,0.57375,0.5789298418296966,FAR,FAR,0.0,1,,,0.0,300
C2_n0.00_d300_r05,C2,202617,4.62,4.32,0.2999999999999998,0.54575,0.572,0.5771973813722725,FAR,FAR,0.0,1,,,0.0,300
C2_n0.00_d300_r05,C2,202617,4.64,4.34,0.2999999999999998,0.544,0.57025,0.5754605360292044,FAR,FAR,0.0,1,,,0.0,300
C2_n0.00_d300_r05,C2,202617,4.66,4.36,0.2999999999999998,0.54225,0.5685,0.5737204020219033,FAR,FAR,0.0,1,,,0.0,300
C2_n0.00_d300_r05,C2,202617,4.68,4.38,0.2999999999999998,0.5405,0.56675,0.5719778015164275,FAR,FAR,0.0,1,,,0.0,300
C2_n0.00_d300_r05,C2,202617,4.7,4.4,0.2999999999999998,0.53875,0.565,0.5702333511373207,FAR,FAR,0.0,1,,,0.0,300
C2_n0.00_d300_r05,C2,202617,4.72,4.42,0.2999999999999998,0.537,0.56325,0.5684875133529905,FAR,FAR,0.0,1,,,0.0,300
C2_n0.00_d300_r05,C2,202617,4.74,4.44,0.2999999999999998,0.53525,0.5614999999999999,0.5667406350147428,FAR,FAR,0.0,1,,,0.0,300
C2_n0.00_d300_r05,C2,202617,4.76,4.46,0.2999999999999998,0.5335,0.55975,0.564992976261057,FAR,FAR,0.0,1,,,0.0,300
C2_n0.00_d300_r05,C2,202617,4.78,4.48,0.2999999999999998,0.53175,0.5579999999999999,0.5632447321957927,FAR,FAR,0.0,1,,,0.0,300
C2_n0.00_d300_r05,C2,202617,4.8,4.5,0.2999999999999998,0.53,0.55625,0.5614960491468446,FAR,FAR,0.0,1,,,0.0,300
C2_n0.00_d300_r05,C2,202617,4.82,4.52,0.3000000000000007,0.52825,0.5545,0.5597470368601334,FAR,FAR,0.0,1,,,0.0,300
C2_n0.00_d300_r05,C2,202617,4.84,4.54,0.2999999999999998,0.5265,0.55275,0.5579977776451001,FAR,FAR,0.0,1,,,0.0,300
C2_n0.00_d300_r05,C2,202617,4.86,4.56,0.3000000000000007,0.5247499999999999,0.551,0.556248333233825,FAR,FAR,0.0,1,,,0.0,300
C2_n0.00_d300_r05,C2,202617,4.88,4.58,0.2999999999999998,0.523,0.54925,0.5544987499253689,FAR,FAR,0.0,1,,,0.0,300
C2_n0.00_d300_r05,C2,202617,4.9,4.6,0.3000000000000007,0.52125,0.5475,0.5527490624440267,FAR,FAR,0.0,1,,,0.0,300
C2_n0.00_d300_r05,C2,202617,4.92,4.62,0.2999999999999998,0.5195,0.54575,0.55099929683302,FAR,FAR,0.0,1,,,0.0,300
C2_n0.00_d300_r05,C2,202617,4.94,4.64,0.3000000000000007,0.5177499999999999,0.544,0.549249472624765,FAR,FAR,0.0,1,,,0.0,300
C2_n0.00_d300_r05,C2,202617,4.96,4.66,0.2999999999999998,0.516,0.54225,0.5474996044685737,FAR,FAR,0.0,1,,,0.0,300
C2_n0.00_d300_r05,C2,202617,4.98,4.68,0.3000000000000007,0.51425,0.5405,0.5457497033514302,FAR,FAR,0.0,1,,,0.0,300
C2_n0.00_d300_r05,C2,202617,5.0,4.7,0.2999999999999998,0.5125,0.53875,0.5439997775135726,FAR,FAR,0.0,1,,,0.0,300
C2_n0.00_d300_r05,C2,202617,5.02,4.72,0.2999999999999998,0.51075,0.537,0.5422498331351795,FAR,FAR,0.0,1,,,0.0,300
C2_n0.00_d300_r05,C2,202617,5.04,4.74,0.2999999999999998,0.509,0.53525,0.5404998748513846,FAR,FAR,0.0,1,,,0.0,300
C2_n0.00_d300_r05,C2,202617,5.06,4.76,0.2999999999999998,0.50725,0.5335,0.5387499061385385,FAR,FAR,0.0,1,,,0.0,300
C2_n0.00_d300_r05,C2,202617,5.08,4.78,0.2999999999999998,0.5055,0.53175,0.5369999296039039,FAR,FAR,0.0,1,,,0.0,300
C2_n0.00_d300_r05,C2,202617,5.1,4.8,0.2999999999999998,0.50375,0.53,0.535249947202928,FAR,FAR,0.0,1,,,0.0,300
C2_n0.00_d300_r05,C2,202617,5.12,4.82,0.2999999999999998,0.502,0.52825,0.5334999604021959,FAR,FAR,0.0,1,,,0.0,300
C2_n0.00_d300_r05,C2,202617,5.14,4.84,0.2999999999999998,0.50025,0.5265,0.531749970301647,FAR,FAR,0.0,1,,,0.0,300
C2_n0.00_d300_r05,C2,202617,5.16,4.86,0.2999999999999998,0.49849999999999994,0.5247499999999999,0.5299999777262352,FAR,FAR,0.0,1,,,0.0,300
C2_n0.00_d300_r05,C2,202617,5.18,4.88,0.2999999999999998,0.49675,0.523,0.5282499832946764,FAR,FAR,0.0,1,,,0.0,300
C2_n0.00_d300_r05,C2,202617,5.2,4.9,0.2999999999999998,0.495,0.52125,0.5264999874710072,FAR,FAR,0.0,1,,,0.0,300
C2_n0.00_d300_r05,C2,202617,5.22,4.92,0.2999999999999998,0.49325,0.5195,0.5247499906032554,FAR,FAR,0.0,1,,,0.0,300
C2_n0.00_d300_r05,C2,202617,5.24,4.94,0.2999999999999998,0.49149999999999994,0.5177499999999999,0.5229999929524416,FAR,FAR,0.0,1,,,0.0,300
C2_n0.00_d300_r05,C2,202617,5.26,4.96,0.2999999999999998,0.48975,0.516,0.5212499947143312,FAR,FAR,0.0,1,,,0.0,300
C2_n0.00_d300_r05,C2,202617,5.28,4.98,0.2999999999999998,0.488,0.51425,0.5194999960357484,FAR,FAR,0.0,1,,,0.0,300
C2_n0.00_d300_r05,C2,202617,5.3,5.0,0.2999999999999998,0.48625,0.5125,0.5177499970268113,FAR,FAR,0.0,1,,,0.0,300
C2_n0.00_d300_r05,C2,202617,5.32,5.02,0.3000000000000007,0.48449999999999993,0.51075,0.5159999977701085,FAR,FAR,0.0,1,,,0.0,300
C2_n0.00_d300_r05,C2,202617,5.34,5.04,0.2999999999999998,0.48275,0.509,0.5142499983275813,FAR,FAR,0.0,1,,,0.0,300
C2_n0.00_d300_r05,C2,202617,5.36,5.06,0.3000000000000007,0.481,0.50725,0.512499998745686,FAR,FAR,0.0,1,,,0.0,300
C2_n0.00_d300_r05,C2,202617,5.38,5.08,0.2999999999999998,0.47925,0.5055,0.5107499990592644,FAR,FAR,0.0,1,,,0.0,300
C2_n0.00_d300_r05,C2,202617,5.4,5.1,0.3000000000000007,0.4774999999999999,0.50375,0.5089999992944484,FAR,FAR,0.0,1,,,0.0,300
C2_n0.00_d300_r05,C2,202617,5.42,5.12,0.2999999999999998,0.47575,0.502,0.5072499994708364,FAR,FAR,0.0,1,,,0.0,300
C2_n0.00_d300_r05,C2,202617,5.44,5.14,0.3000000000000007,0.474,0.50025,0.5054999996031273,FAR,FAR,0.0,1,,,0.0,300
C2_n0.00_d300_r05,C2,202617,5.46,5.16,0.2999999999999998,0.47224999999999995,0.49849999999999994,0.5037499997023455,FAR,FAR,0.0,1,,,0.0,300
C2_n0.00_d300_r05,C2,202617,5.48,5.18,0.3000000000000007,0.4704999999999999,0.49675,0.5019999997767591,FAR,FAR,0.0,1,,,0.0,300
C2_n0.00_d300_r05,C2,202617,5.5,5.2,0.2999999999999998,0.46875,0.495,0.5002499998325693,FAR,FAR,0.0,1,,,0.0,300
C2_n0.00_d300_r05,C2,202617,5.52,5.22,0.2999999999999998,0.467,0.49325,0.498499999874427,FAR,FAR,0.0,1,,,0.0,300
C2_n0.00_d300_r05,C2,202617,5.54,5.24,0.2999999999999998,0.46525,0.49149999999999994,0.49674999990582025,FAR,FAR,0.0,1,,,0.0,300
C2_n0.00_d300_r05,C2,202617,5.56,5.26,0.2999999999999998,0.4635,0.48975,0.49499999992936516,FAR,FAR,0.0,1,,,0.0,300
C2_n0.00_d300_r05,C2,202617,5.58,5.28,0.2999999999999998,0.46175,0.488,0.4932499999470239,FAR,FAR,0.0,1,,,0.0,300
C2_n0.00_d300_r05,C2,202617,5.6,5.3,0.2999999999999998,0.46,0.48625,0.49149999996026794,FAR,FAR,0.0,1,,,0.0,300
C2_n0.00_d300_r05,C2,202617,5.62,5.32,0.2999999999999998,0.45825,0.48449999999999993,0.4897499999702009,FAR,FAR,0.0,1,,,0.0,300
C2_n0.00_d300_r05,C2,202617,5.64,5.34,0.2999999999999998,0.4565,0.48275,0.4879999999776507,FAR,FAR,0.0,1,,,0.0,300
C2_n0.00_d300_r05,C2,202617,5.66,5.36,0.2999999999999998,0.45475,0.481,0.48624999998323803,FAR,FAR,0.0,1,,,0.0,300
C2_n0.00_d300_r05,C2,202617,5.68,5.38,0.2999999999999998,0.453,0.47925,0.48449999998742854,FAR,FAR,0.0,1,,,0.0,300
C2_n0.00_d300_r05,C2,202617,5.7,5.4,0.2999999999999998,0.45125,0.4774999999999999,0.48274999999057144,FAR,FAR,0.0,1,,,0.0,300
C2_n0.00_d300_r05,C2,202617,5.72,5.42,0.2999999999999998,0.4495,0.47575,0.48099999999292864,FAR,FAR,0.0,1,,,0.0,300
C2_n0.00_d300_r05,C2,202617,5.74,5.44,0.2999999999999998,0.44775,0.474,0.4792499999946965,FAR,FAR,0.0,1,,,0.0,300
C2_n0.00_d300_r05,C2,202617,5.76,5.46,0.2999999999999998,0.446,0.47224999999999995,0.47749999999602233,FAR,FAR,0.0,1,,,0.0,300
C2_n0.00_d300_r05,C2,202617,5.78,5.48,0.2999999999999998,0.44425,0.4704999999999999,0.4757499999970167,FAR,FAR,0.0,1,,,0.0,300
C2_n0.00_d300_r05,C2,202617,5.8,5.5,0.2999999999999998,0.4425,0.46875,0.47399999999776254,FAR,FAR,0.0,1,,,0.0,300
C2_n0.00_d300_r05,C2,202617,5.82,5.52,0.3000000000000007,0.44075,0.467,0.47224999999832196,FAR,FAR,0.0,1,,,0.0,300
C2_n0.00_d300_r05,C2,202617,5.84,5.54,0.2999999999999998,0.439,0.46525,0.4704999999987414,FAR,FAR,0.0,1,,,0.0,300
C2_n0.00_d300_r05,C2,202617,5.86,5.56,0.3000000000000007,0.43724999999999997,0.4635,0.4687499999990561,FAR,FAR,0.0,1,,,0.0,300
C2_n0.00_d300_r05,C2,202617,5.88,5.58,0.2999999999999998,0.4355,0.46175,0.4669999999992921,FAR,FAR,0.0,1,,,0.0,300
C2_n0.00_d300_r05,C2,202617,5.9,5.6,0.3000000000000007,0.43374999999999997,0.46,0.46524999999946903,FAR,FAR,0.0,1,,,0.0,300
C2_n0.00_d300_r05,C2,202617,5.92,5.62,0.2999999999999998,0.432,0.45825,0.4634999999996018,FAR,FAR,0.0,1,,,0.0,300
C2_n0.00_d300_r05,C2,202617,5.94,5.64,0.3000000000000007,0.43024999999999997,0.4565,0.46174999999970134,FAR,FAR,0.0,1,,,0.0,300
C2_n0.00_d300_r05,C2,202617,5.96,5.66,0.2999999999999998,0.4285,0.45475,0.459999999999776,FAR,FAR,0.0,1,,,0.0,300
C2_n0.00_d300_r05,C2,202617,5.98,5.68,0.3000000000000007,0.42674999999999996,0.453,0.458249999999832,FAR,FAR,0.0,1,,,0.0,300
C2_n0.00_d300_r05,C2,202617,6.0,5.7,0.2999999999999998,0.425,0.45125,0.456499999999874,FAR,FAR,0.0,1,,,0.0,300
C2_n0.00_d300_r05,C2,202617,6.02,5.72,0.2999999999999998,0.42325,0.4495,0.4547499999999055,FAR,FAR,0.0,1,,,0.0,300
C2_n0.00_d300_r05,C2,202617,6.04,5.74,0.2999999999999998,0.4215,0.44775,0.4529999999999291,FAR,FAR,0.0,1,,,0.0,300
C2_n0.00_d300_r05,C2,202617,6.06,5.76,0.2999999999999998,0.41975,0.446,0.4512499999999468,FAR,FAR,0.0,1,,,0.0,300
C2_n0.00_d300_r05,C2,202617,6.08,5.78,0.2999999999999998,0.418,0.44425,0.4494999999999601,FAR,FAR,0.0,1,,,0.0,300
C2_n0.00_d300_r05,C2,202617,6.1,5.8,0.2999999999999998,0.41625,0.4425,0.4477499999999701,FAR,FAR,0.0,1,,,0.0,300
C2_n0.00_d300_r05,C2,202617,6.12,5.82,0.2999999999999998,0.4145,0.44075,0.4459999999999776,FAR,FAR,0.0,1,,,0.0,300
C2_n0.00_d300_r05,C2,202617,6.14,5.84,0.2999999999999998,0.41275,0.439,0.4442499999999832,FAR,FAR,0.0,1,,,0.0,300
C2_n0.00_d300_r05,C2,202617,6.16,5.86,0.2999999999999998,0.411,0.43724999999999997,0.4424999999999874,FAR,FAR,0.0,1,,,0.0,300
C2_n0.00_d300_r05,C2,202617,6.18,5.88,0.2999999999999998,0.40925,0.4355,0.44074999999999054,FAR,FAR,0.0,1,,,0.0,300
C2_n0.00_d300_r05,C2,202617,6.2,5.9,0.2999999999999998,0.4075,0.43374999999999997,0.43899999999999284,FAR,FAR,0.0,1,,,0.0,300
C2_n0.00_d300_r05,C2,202617,6.22,5.92,0.2999999999999998,0.40575,0.432,0.4372499999999946,FAR,FAR,0.0,1,,,0.0,300
C2_n0.00_d300_r05,C2,202617,6.24,5.94,0.2999999999999998,0.40399999999999997,0.43024999999999997,0.43549999999999595,FAR,FAR,0.0,1,,,0.0,300
C2_n0.00_d300_r05,C2,202617,6.26,5.96,0.2999999999999998,0.40225,0.4285,0.43374999999999697,FAR,FAR,0.0,1,,,0.0,300
C2_n0.00_d300_r05,C2,202617,6.28,5.98,0.2999999999999998,0.40049999999999997,0.42674999999999996,0.4319999999999977,FAR,FAR,0.0,1,,,0.0,300
C2_n0.00_d300_r05,C2,202617,6.3,6.0,0.2999999999999998,0.39875,0.425,0.4302499999999983,FAR,FAR,0.0,1,,,0.0,300
C2_n0.00_d300_r05,C2,202617,6.32,6.02,0.3000000000000007,0.39699999999999996,0.42325,0.42849999999999877,FAR,FAR,0.0,1,,,0.0,300
C2_n0.00_d300_r05,C2,202617,6.34,6.04,0.2999999999999998,0.39525,0.4215,0.4267499999999991,FAR,FAR,0.0,1,,,0.0,300
C2_n0.00_d300_r05,C2,202617,6.36,6.06,0.3000000000000007,0.39349999999999996,0.41975,0.4249999999999993,FAR,FAR,0.0,1,,,0.0,300
C2_n0.00_d300_r05,C2,202617,6.38,6.08,0.2999999999999998,0.39175,0.418,0.42324999999999946,FAR,FAR,0.0,1,,,0.0,300
C2_n0.00_d300_r05,C2,202617,6.4,6.1,0.3000000000000007,0.38999999999999996,0.41625,0.4214999999999996,FAR,FAR,0.0,1,,,0.0,300
C2_n0.00_d300_r05,C2,202617,6.42,6.12,0.2999999999999998,0.38825,0.4145,0.41974999999999973,FAR,FAR,0.0,1,,,0.0,300
C2_n0.00_d300_r05,C2,202617,6.44,6.14,0.3000000000000007,0.38649999999999995,0.41275,0.4179999999999998,FAR,FAR,0.0,1,,,0.0,300
C2_n0.00_d300_r05,C2,202617,6.46,6.16,0.2999999999999998,0.38475,0.411,0.4162499999999999,FAR,FAR,0.0,1,,,0.0,300
C2_n0.00_d300_r05,C2,202617,6.48,6.18,0.3000000000000007,0.38299999999999995,0.40925,0.4145,FAR,FAR,0.0,1,,,0.0,300
C2_n0.00_d300_r05,C2,202617,6.5,6.2,0.2999999999999998,0.38125,0.4075,0.41275,FAR,FAR,0.0,1,,,0.0,300
C2_n0.00_d300_r05,C2,202617,6.52,6.22,0.2999999999999998,0.37950000000000006,0.40575,0.41100000000000003,FAR,FAR,0.0,1,,,0.0,300
C2_n0.00_d300_r05,C2,202617,6.54,6.24,0.2999999999999998,0.37775000000000003,0.40399999999999997,0.40925,FAR,FAR,0.0,1,,,0.0,300
C2_n0.00_d300_r05,C2,202617,6.56,6.26,0.2999999999999998,0.376,0.40225,0.4075,FAR,FAR,0.0,1,,,0.0,300
C2_n0.00_d300_r05,C2,202617,6.58,6.28,0.2999999999999998,0.37424999999999997,0.40049999999999997,0.40574999999999994,FAR,FAR,0.0,1,,,0.0,300
C2_n0.00_d300_r05,C2,202617,6.6,6.3,0.2999999999999998,0.37250000000000005,0.39875,0.40399999999999997,FAR,FAR,0.0,1,,,0.0,300
C2_n0.00_d300_r05,C2,202617,6.62,6.32,0.2999999999999998,0.37075,0.39699999999999996,0.40225,FAR,FAR,0.0,1,,,0.0,300
C2_n0.00_d300_r05,C2,202617,6.64,6.34,0.2999999999999998,0.369,0.39525,0.40049999999999997,FAR,FAR,0.0,1,,,0.0,300
C2_n0.00_d300_r05,C2,202617,6.66,6.36,0.2999999999999998,0.36724999999999997,0.39349999999999996,0.39874999999999994,FAR,FAR,0.0,1,,,0.0,300
C2_n0.00_d300_r05,C2,202617,6.68,6.38,0.2999999999999998,0.36550000000000005,0.39175,0.39699999999999996,FAR,FAR,0.0,1,,,0.0,300
C2_n0.00_d300_r05,C2,202617,6.7,6.4,0.2999999999999998,0.36375,0.38999999999999996,0.39524999999999993,FAR,FAR,0.0,1,,,0.0,300
C2_n0.00_d300_r05,C2,202617,6.72,6.42,0.2999999999999998,0.362,0.38825,0.39349999999999996,FAR,FAR,0.0,1,,,0.0,300
C2_n0.00_d300_r05,C2,202617,6.74,6.44,0.2999999999999998,0.36024999999999996,0.38649999999999995,0.39174999999999993,FAR,FAR,0.0,1,,,0.0,300
C2_n0.00_d300_r05,C2,202617,6.76,6.46,0.2999999999999998,0.35850000000000004,0.38475,0.3899999999999999,FAR,FAR,0.0,1,,,0.0,300
C2_n0.00_d300_r05,C2,202617,6.78,6.48,0.2999999999999998,0.35675,0.38299999999999995,0.38824999999999993,FAR,FAR,0.0,1,,,0.0,300
C2_n0.00_d300_r05,C2,202617,6.8,6.5,0.2999999999999998,0.355,0.38125,0.38649999999999995,FAR,FAR,0.0,1,,,0.0,300
C2_n0.00_d300_r05,C2,202617,6.82,6.52,0.3000000000000007,0.35324999999999995,0.37950000000000006,0.38475000000000004,FAR,FAR,0.0,1,,,0.0,300
C2_n0.00_d300_r05,C2,202617,6.84,6.54,0.2999999999999998,0.35150000000000003,0.37775000000000003,0.38300000000000006,FAR,FAR,0.0,1,,,0.0,300
C2_n0.00_d300_r05,C2,202617,6.86,6.56,0.3000000000000007,0.34974999999999995,0.376,0.3812500000000001,NEAR,FAR,0.0,1,,,0.0,300
C2_n0.00_d300_r05,C2,202617,6.88,6.58,0.2999999999999998,0.348,0.37424999999999997,0.37950000000000006,NEAR,FAR,0.0,1,,,0.0,300
C2_n0.00_d300_r05,C2,202617,6.9,6.6,0.3000000000000007,0.34624999999999995,0.37250000000000005,0.37775000000000003,NEAR,FAR,0.0,1,,,0.0,300
C2_n0.00_d300_r05,C2,202617,6.92,6.62,0.2999999999999998,0.3445,0.37075,0.376,NEAR,FAR,0.0,1,,,0.0,300
C2_n0.00_d300_r05,C2,202617,6.94,6.64,0.3000000000000007,0.34274999999999994,0.369,0.37425,NEAR,FAR,0.0,1,,,0.0,300
C2_n0.00_d300_r05,C2,202617,6.96,6.66,0.2999999999999998,0.34099999999999997,0.36724999999999997,0.37250000000000005,NEAR,FAR,0.0,1,,,0.0,300
C2_n0.00_d300_r05,C2,202617,6.98,6.68,0.3000000000000007,0.33924999999999994,0.36550000000000005,0.37075,NEAR,FAR,0.0,1,,,0.0,300
C2_n0.00_d300_r05,C2,202617,7.0,6.7,0.2999999999999998,0.3375,0.36375,0.369,NEAR,FAR,0.0,1,,,0.0,300
C2_n0.00_d300_r05,C2,202617,7.02,6.72,0.2999999999999998,0.33575000000000005,0.362,0.36724999999999997,NEAR,FAR,0.0,1,,,0.0,300
C2_n0.00_d300_r05,C2,202617,7.04,6.74,0.2999999999999998,0.334,0.36024999999999996,0.3655,NEAR,FAR,0.0,1,,,0.0,300
C2_n0.00_d300_r05,C2,202617,7.06,6.76,0.2999999999999998,0.33225000000000005,0.35850000000000004,0.36375,NEAR,FAR,0.0,1,,,0.0,300
C2_n0.00_d300_r05,C2,202617,7.08,6.78,0.2999999999999998,0.3305,0.35675,0.362,NEAR,FAR,0.0,1,,,0.0,300
C2_n0.00_d300_r05,C2,202617,7.1,6.8,0.2999999999999998,0.32875000000000004,0.355,0.36024999999999996,NEAR,FAR,0.0,1,,,0.0,300
C2_n0.00_d300_r05,C2,202617,7.12,6.82,0.2999999999999998,0.327,0.35324999999999995,0.35849999999999993,NEAR,FAR,0.0,1,,,0.0,300
C2_n0.00_d300_r05,C2,202617,7.14,6.84,0.2999999999999998,0.32525000000000004,0.35150000000000003,0.35675,NEAR,FAR,0.0,1,,,0.0,300
C2_n0.00_d300_r05,C2,202617,7.16,6.86,0.2999999999999998,0.3235,0.34974999999999995,0.35500000000000004,NEAR,FAR,0.0,1,,,0.0,300
C2_n0.00_d300_r05,C2,202617,7.18,6.88,0.2999999999999998,0.32175000000000004,0.348,0.35325000000000006,NEAR,FAR,0.0,1,,,0.0,300
C2_n0.00_d300_r05,C2,202617,7.2,6.9,0.2999999999999998,0.32,0.34624999999999995,0.35150000000000003,NEAR,FAR,0.0,1,,,0.0,300
C2_n0.00_d300_r05,C2,202617,7.22,6.92,0.2999999999999998,0.31825000000000003,0.3445,0.34975,NEAR,FAR,0.0,1,,,0.0,300
C2_n0.00_d300_r05,C2,202617,7.24,6.94,0.2999999999999998,0.3165,0.34274999999999994,0.348,NEAR,FAR,0.0,1,,,0.0,300
C2_n0.00_d300_r05,C2,202617,7.26,6.96,0.2999999999999998,0.31475000000000003,0.34099999999999997,0.34625,NEAR,FAR,0.0,1,,,0.0,300
C2_n0.00_d300_r05,C2,202617,7.28,6.98,0.2999999999999998,0.313,0.33924999999999994,0.34450000000000003,NEAR,FAR,0.0,1,,,0.0,300
C2_n0.00_d300_r05,C2,202617,7.3,7.0,0.2999999999999998,0.31125,0.3375,0.34275,NEAR,FAR,0.0,1,,,0.0,300
C2_n0.00_d300_r05,C2,202617,7.32,7.02,0.3000000000000007,0.3095,0.33575000000000005,0.34099999999999997,NEAR,FAR,0.0,1,,,0.0,300
C2_n0.00_d300_r05,C2,202617,7.34,7.04,0.2999999999999998,0.30775,0.334,0.33925,NEAR,FAR,0.0,1,,,0.0,300
C2_n0.00_d300_r05,C2,202617,7.36,7.06,0.3000000000000007,0.306,0.33225000000000005,0.3375,NEAR,FAR,0.0,1,,,0.0,300
C2_n0.00_d300_r05,C2,202617,7.38,7.08,0.2999999999999998,0.30425,0.3305,0.33575000000000005,NEAR,FAR,0.0,1,,,0.0,300
C2_n0.00_d300_r05,C2,202617,7.4,7.1,0.3000000000000007,0.3025,0.32875000000000004,0.3340000000000001,NEAR,FAR,0.0,1,,,0.0,300
C2_n0.00_d300_r05,C2,202617,7.42,7.12,0.2999999999999998,0.30075,0.327,0.33225000000000005,NEAR,FAR,0.0,1,,,0.0,300
C2_n0.00_d300_r05,C2,202617,7.44,7.14,0.3000000000000007,0.299,0.32525000000000004,0.3305,NEAR,FAR,0.0,1,,,0.0,300
C2_n0.00_d300_r05,C2,202617,7.46,7.16,0.2999999999999998,0.29725,0.3235,0.32875,NEAR,FAR,0.0,1,,,0.0,300
C2_n0.00_d300_r05,C2,202617,7.48,7.18,0.3000000000000007,0.2955,0.32175000000000004,0.327,NEAR,FAR,0.0,1,,,0.0,300
C2_n0.00_d300_r05,C2,202617,7.5,7.2,0.2999999999999998,0.29375,0.32,0.32525000000000004,NEAR,FAR,0.0,1,,,0.0,300
C2_n0.00_d300_r05,C2,202617,7.52,7.22,0.2999999999999998,0.29200000000000004,0.31825000000000003,0.3235,NEAR,FAR,0.0,1,,,0.0,300
C2_n0.00_d300_r05,C2,202617,7.54,7.24,0.2999999999999998,0.29025,0.3165,0.32175,NEAR,FAR,0.0,1,,,0.0,300
C2_n0.00_d300_r05,C2,202617,7.56,7.26,0.2999999999999998,0.28850000000000003,0.31475000000000003,0.32,NEAR,FAR,0.0,1,,,0.0,300
C2_n0.00_d300_r05,C2,202617,7.58,7.28,0.2999999999999998,0.28675,0.313,0.31825,NEAR,NEAR,0.6,1,ENTER_NEAR,,0.0,300
C2_n0.00_d300_r05,C2,202617,7.6,7.3,0.2999999999999998,0.28500000000000003,0.31125,0.3165,NEAR,NEAR,0.6,1,,,0.0,300
C2_n0.00_d300_r05,C2,202617,7.62,7.32,0.2999999999999998,0.28325,0.3095,0.31475,NEAR,NEAR,0.6,1,,,0.0,300
C2_n0.00_d300_r05,C2,202617,7.64,7.34,0.2999999999999998,0.28150000000000003,0.30775,0.313,NEAR,NEAR,0.6,1,,,0.0,300
C2_n0.00_d300_r05,C2,202617,7.66,7.36,0.2999999999999998,0.27975,0.306,0.31125,NEAR,NEAR,0.6,1,,,0.0,300
C2_n0.00_d300_r05,C2,202617,7.68,7.38,0.2999999999999998,0.278,0.30425,0.3095,NEAR,NEAR,0.6,1,,,0.0,300
C2_n0.00_d300_r05,C2,202617,7.7,7.4,0.2999999999999998,0.27625,0.3025,0.30774999999999997,NEAR,NEAR,0.6,1,,,0.0,300
C2_n0.00_d300_r05,C2,202617,7.72,7.42,0.2999999999999998,0.2745,0.30075,0.306,NEAR,NEAR,0.6,1,,,0.0,300
C2_n0.00_d300_r05,C2,202617,7.74,7.44,0.2999999999999998,0.27275,0.299,0.30424999999999996,NEAR,NEAR,0.6,1,,,0.0,300
C2_n0.00_d300_r05,C2,202617,7.76,7.46,0.2999999999999998,0.271,0.29725,0.3025,NEAR,NEAR,0.6,1,,,0.0,300
C2_n0.00_d300_r05,C2,202617,7.78,7.48,0.2999999999999998,0.26925,0.2955,0.30074999999999996,NEAR,NEAR,0.6,1,,,0.0,300
C2_n0.00_d300_r05,C2,202617,7.8,7.5,0.2999999999999998,0.2675,0.29375,0.299,NEAR,NEAR,0.6,1,,,0.0,300
C2_n0.00_d300_r05,C2,202617,7.82,7.52,0.3000000000000007,0.26575,0.29200000000000004,0.29725,NEAR,NEAR,0.6,1,,,0.0,300
C2_n0.00_d300_r05,C2,202617,7.84,7.54,0.2999999999999998,0.264,0.29025,0.2955,NEAR,NEAR,0.6,1,,,0.0,300
C2_n0.00_d300_r05,C2,202617,7.86,7.56,0.3000000000000007,0.26225,0.28850000000000003,0.29375,NEAR,NEAR,0.6,1,,,0.0,300
C2_n0.00_d300_r05,C2,202617,7.88,7.58,0.2999999999999998,0.2605,0.28675,0.29200000000000004,NEAR,NEAR,0.6,1,,,0.0,300
C2_n0.00_d300_r05,C2,202617,7.9,7.6,0.3000000000000007,0.25875,0.28500000000000003,0.29025,NEAR,NEAR,0.6,1,,,0.0,300
C2_n0.00_d300_r05,C2,202617,7.92,7.62,0.2999999999999998,0.257,0.28325,0.2885,NEAR,NEAR,0.6,1,,,0.0,300
C2_n0.00_d300_r05,C2,202617,7.94,7.64,0.3000000000000007,0.25525,0.28150000000000003,0.28675,NEAR,NEAR,0.6,1,,,0.0,300
C2_n0.00_d300_r05,C2,202617,7.96,7.66,0.2999999999999998,0.2535,0.27975,0.285,NEAR,NEAR,0.6,1,,,0.0,300
C2_n0.00_d300_r05,C2,202617,7.98,7.68,0.3000000000000007,0.25175,0.278,0.28325,NEAR,NEAR,0.6,1,,,0.0,300
C2_n0.00_d300_r05,C2,202617,8.0,7.7,0.2999999999999998,0.25,0.27625,0.2815,NEAR,NEAR,0.6,1,,,0.0,300
C2_n0.00_d300_r05,C2,202617,8.02,7.72,0.2999999999999998,0.2522533838368113,0.2745,0.27975,NEAR,NEAR,0.6,1,,,0.0,300
C2_n0.00_d300_r05,C2,202617,8.04,7.74,0.29999999999999893,0.25445562372365543,0.27275,0.278,NEAR,NEAR,0.6,1,,,0.0,300
C2_n0.00_d300_r05,C2,202617,8.06,7.76,0.3000000000000007,0.25655673649976407,0.271,0.27625,NEAR,NEAR,0.6,1,,,0.0,300
C2_n0.00_d300_r05,C2,202617,8.08,7.78,0.2999999999999998,0.25850903423690136,0.26925,0.27449999999999997,NEAR,NEAR,0.6,1,,,0.0,300
C2_n0.00_d300_r05,C2,202617,8.1,7.8,0.2999999999999998,0.2602682065889303,0.2675,0.27275,NEAR,NEAR,0.6,1,,,0.0,300
C2_n0.00_d300_r05,C2,202617,8.12,7.82,0.29999999999999893,0.26179432648204926,0.26575,0.27099999999999996,NEAR,NEAR,0.6,1,,,0.0,300
C2_n0.00_d300_r05,C2,202617,8.14,7.84,0.3000000000000007,0.26305275632004294,0.264,0.26925,NEAR,NEAR,0.6,1,,,0.0,300
C2_n0.00_d300_r05,C2,202617,8.16,7.86,0.2999999999999998,0.2640149341368492,0.26225,0.26749999999999996,NEAR,NEAR,0.6,1,,,0.0,300
C2_n0.00_d300_r05,C2,202617,8.18,7.88,0.2999999999999998,0.2646590218535229,0.2605,0.26575,NEAR,NEAR,0.6,1,,,0.0,300
C2_n0.00_d300_r05,C2,202617,8.2,7.9,0.29999999999999893,0.26497040092642404,0.25875,0.264,NEAR,NEAR,0.6,1,,,0.0,300
C2_n0.00_d300_r05,C2,202617,8.22,7.92,0.3000000000000007,0.2649420041371476,0.257,0.26225,NEAR,NEAR,0.6,1,,,0.0,300
C2_n0.00_d300_r05,C2,202617,8.24,7.94,0.2999999999999998,0.2645744759937201,0.25525,0.26049999999999995,NEAR,NEAR,0.6,1,,,0.0,300
C2_n0.00_d300_r05,C2,202617,8.26,7.96,0.2999999999999998,0.26387615810251686,0.2535,0.25875,NEAR,NEAR,0.6,1,,,0.0,300
C2_n0.00_d300_r05,C2,202617,8.28,7.98,0.29999999999999893,0.26286289984290484,0.25175,0.25699999999999995,NEAR,NEAR,0.6,1,,,0.0,300
C2_n0.00_d300_r05,C2,202617,8.3,8.0,0.3000000000000007,0.2615576986416368,0.25,0.25525,NEAR,NEAR,0.6,1,,,0.0,300
C2_n0.00_d300_r05,C2,202617,8.32,8.02,0.3000000000000007,0.25999017801151375,0.2522533838368113,0.2545008459592028,NEAR,NEAR,0.6,1,,,0.0,300
C2_n0.00_d300_r05,C2,202617,8.34,8.04,0.3000000000000007,0.25819591520101404,0.25445562372365543,0.25448954040031596,NEAR,NEAR,0.6,1,,,0.0,300
C2_n0.00_d300_r05,C2,202617,8.36,8.06,0.29999999999999893,0.2562156337148993,0.25655673649976407,0.255006339425178,NEAR,NEAR,0.6,1,,,0.0,300
C2_n0.00_d300_r05,C2,202617,8.38,8.08,0.3000000000000007,0.2540942790327598,0.25850903423690136,0.2558820131281088,NEAR,NEAR,0.6,1,,,0.0,300
C2_n0.00_d300_r05,C2,202617,8.4,8.1,0.3000000000000007,0.25187999850346454,0.2602682065889303,0.2569785614933142,NEAR,NEAR,0.6,1,,,0.0,300
C2_n0.00_d300_r05,C2,202617,8.42,8.12,0.3000000000000007,0.24962304856834994,0.26179432648204926,0.258182502740498,NEAR,NEAR,0.6,1,,,0.0,300
C2_n0.00_d300_r05,C2,202617,8.44,8.14,0.29999999999999893,0.2473746541153709,0.26305275632004294,0.2594000661353842,NEAR,NEAR,0.6,1,,,0.0,300
C2_n0.00_d300_r05,C2,202617,8.46,8.16,0.3000000000000007,0.24518584585289177,0.2640149341368492,0.26055378313575045,NEAR,NEAR,0.6,1,,,0.0,300
C2_n0.00_d300_r05,C2,202617,8.48,8.18,0.3000000000000007,0.24310630209067763,0.2646590218535229,0.26158009281519357,NEAR,NEAR,0.6,1,,,0.0,300
C2_n0.00_d300_r05,C2,202617,8.5,8.2,0.3000000000000007,0.24118322121561292,0.26497040092642404,0.2624276698430012,NEAR,NEAR,0.6,1,,,0.0,300
C2_n0.00_d300_r05,C2,202617,8.52,8.22,0.29999999999999893,0.2394602504530173,0.2649420041371476,0.26305625341653777,NEAR,NEAR,0.6,1,,,0.0,300
C2_n0.00_d300_r05,C2,202617,8.54,8.24,0.29999999999999893,0.23797649522693692,0.2645744759937201,0.26343580906083336,NEAR,NEAR,0.6,1,,,0.0,300
C2_n0.00_d300_r05,C2,202617,8.56,8.26,0.3000000000000007,0.23676563160347566,0.26387615810251686,0.26354589632125425,NEAR,NEAR,0.6,1,,,0.0,300
C2_n0.00_d300_r05,C2,202617,8.58,8.28,0.3000000000000007,0.23585514196160703,0.26286289984290484,0.2633751472016669,NEAR,NEAR,0.6,1,,,0.0,300
C2_n0.00_d300_r05,C2,202617,8.6,8.3,0.29999999999999893,0.23526569123906968,0.2615576986416368,0.2629207850616594,NEAR,NEAR,0.6,1,,,0.0,300
C2_n0.00_d300_r05,C2,202617,8.62,8.32,0.29999999999999893,0.23501065791039116,0.25999017801151375,0.262188133299123,NEAR,NEAR,0.6,1,,,0.0,300
C2_n0.00_d300_r05,C2,202617,8.64,8.34,0.3000000000000007,0.23509583034219989,0.25819591520101404,0.26119007877459577,NEAR,NEAR,0.6,1,,,0.0,300
C2_n0.00_d300_r05,C2,202617,8.66,8.36,0.3000000000000007,0.2355192754175009,0.2562156337148993,0.25994646750967165,NEAR,NEAR,0.6,1,,,0.0,300
C2_n0.00_d300_r05,C2,202617,8.68,8.38,0.29999999999999893,0.23627138241068624,0.2540942790327598,0.2584834203904437,NEAR,NEAR,0.6,1,,,0.0,300
C2_n0.00_d300_r05,C2,202617,8.7,8.4,0.29999999999999893,0.23733508111746973,0.25187999850346454,0.2568325649186989,NEAR,NEAR,0.6,1,,,0.0,300
C2_n0.00_d300_r05,C2,202617,8.72,8.42,0.3000000000000007,0.2386862292889585,0.24962304856834994,0.25503018583111164,NEAR,NEAR,0.6,1,,,0.0,300
C2_n0.00_d300_r05,C2,202617,8.74,8.44,0.3000000000000007,0.24029416057645836,0.2473746541153709,0.25311630290217646,NEAR,NEAR,0.6,1,,,0.0,300
C2_n0.00_d300_r05,C2,202617,8.76,8.46,0.29999999999999893,0.24212238055058052,0.24518584585289177,0.2511336886398553,NEAR,NEAR,0.6,1,,,0.0,300
C2_n0.00_d300_r05,C2,202617,8.78,8.48,0.29999999999999893,0.24412939499744188,0.24310630209067763,0.24912684200256088,NEAR,NEAR,0.6,1,,,0.0,300
C2_n0.00_d300_r05,C2,202617,8.8,8.5,0.3000000000000007,0.24626965169252724,0.24118322121561292,0.24714093680582389,NEAR,NEAR,0.6,1,,,0.0,300
C2_n0.00_d300_r05,C2,202617,8.82,8.52,0.3000000000000007,0.2484945742772318,0.2394602504530173,0.24522076521762223,NEAR,NEAR,0.6,1,,,0.0,300
C2_n0.00_d300_r05,C2,202617,8.84,8.54,0.3000000000000007,0.2507536647726965,0.23797649522693692,0.2434096977199509,NEAR,NEAR,0.6,1,,,0.0,300
C2_n0.00_d300_r05,C2,202617,8.86,8.56,0.29999999999999893,0.25299564970771604,0.23676563160347566,0.2417486811908321,NEAR,NEAR,0.6,1,,,0.0,300
C2_n0.00_d300_r05,C2,202617,8.88,8.58,0.3000000000000007,0.2551696438476178,0.23585514196160703,0.24027529638352585,NEAR,NEAR,0.6,1,,,0.0,300
C2_n0.00_d300_r05,C2,202617,8.9,8.6,0.3000000000000007,0.2572263051115258,0.23526569123906968,0.2390228950974118,NEAR,NEAR,0.6,1,,,0.0,300
C2_n0.00_d300_r05,C2,202617,8.92,8.62,0.3000000000000007,0.25911895446541905,0.23501065791039116,0.23801983580065667,NEAR,NEAR,0.6,1,,,0.0,300
C2_n0.00_d300_r05,C2,202617,8.94,8.64,0.29999999999999893,0.26080463537331855,0.23509583034219989,0.23728883443604248,NEAR,NEAR,0.6,1,,,0.0,300
C2_n0.00_d300_r05,C2,202617,8.96,8.66,0.3000000000000007,0.2622450887607578,0.2355192754175009,0.2368464446814071,NEAR,NEAR,0.6,1,,,0.0,300
C2_n0.00_d300_r05,C2,202617,8.98,8.68,0.3000000000000007,0.263407621362269,0.23627138241068624,0.23670267911372686,NEAR,NEAR,0.6,1,,,0.0,300
C2_n0.00_d300_r05,C2,202617,9.0,8.7,0.3000000000000007,0.2642658477444273,0.23733508111746973,0.23686077961466256,NEAR,NEAR,0.6,1,,,0.0,300
C2_n0.00_d300_r05,C2,202617,9.02,8.72,0.29999999999999893,0.264800289163118,0.2386862292889585,0.23731714203323656,NEAR,NEAR,0.6,1,,,0.0,300
C2_n0.00_d300_r05,C2,202617,9.04,8.74,0.29999999999999893,0.2649988156630572,0.24029416057645836,0.23806139666904202,NEAR,NEAR,0.6,1,,,0.0,300
C2_n0.00_d300_r05,C2,202617,9.06,8.76,0.3000000000000007,0.26485692138544975,0.24212238055058052,0.23907664263942666,NEAR,NEAR,0.6,1,,,0.0,300
C2_n0.00_d300_r05,C2,202617,9.08,8.78,0.3000000000000007,0.2643778268352606,0.24412939499744188,0.24033983072893048,NEAR,NEAR,0.6,1,,,0.0,300
C2_n0.00_d300_r05,C2,202617,9.1,8.8,0.29999999999999893,0.2635724057869903,0.24626965169252724,0.24182228596982966,NEAR,NEAR,0.6,1,,,0.0,300
C2_n0.00_d300_r05,C2,202617,9.12,8.82,0.29999999999999893,0.2624589384879372,0.2484945742772318,0.24349035804668018,NEAR,NEAR,0.6,1,,,0.0,300
C2_n0.00_d300_r05,C2,202617,9.14,8.84,0.3000000000000007,0.2610626967603726,0.2507536647726965,0.24530618472818427,NEAR,NEAR,0.6,1,,,0.0,300
C2_n0.00_d300_r05,C2,202617,9.16,8.86,0.3000000000000007,0.25941537041936047,0.25299564970771604,0.2472285509730672,NEAR,NEAR,0.6,1,,,0.0,300
C2_n0.00_d300_r05,C2,202617,9.18,8.88,0.29999999999999893,0.2575543480245365,0.2551696438476178,0.24921382419170485,NEAR,NEAR,0.6,1,,,0.0,300
C2_n0.00_d300_r05,C2,202617,9.2,8.9,0.29999999999999893,0.25552186829027024,0.2572263051115258,0.2512169444216601,NEAR,NEAR,0.6,1,,,0.0,300
C2_n0.00_d300_r05,C2,202617,9.22,8.92,0.3000000000000007,0.25336406141424067,0.25911895446541905,0.25319244693259985,NEAR,NEAR,0.6,1,,,0.0,300
C2_n0.00_d300_r05,C2,202617,9.24,8.94,0.3000000000000007,0.25112990208291897,0.26080463537331855,0.25509549404277954,NEAR,NEAR,0.6,1,,,0.0,300
C2_n0.00_d300_r05,C2,202617,9.26,8.96,0.29999999999999893,0.24887009791708103,0.2622450887607578,0.2568828927222741,NEAR,NEAR,0.6,1,,,0.0,300
C2_n0.00_d300_r05,C2,202617,9.28,8.98,0.29999999999999893,0.24663593858575936,0.263407621362269,0.2585140748822728,NEAR,NEAR,0.6,1,,,0.0,300
C2_n0.00_d300_r05,C2,202617,9.3,9.0,0.3000000000000007,0.24447813170972976,0.2642658477444273,0.25995201809781143,NEAR,NEAR,0.6,1,,,0.0,300
C2_n0.00_d300_r05,C2,202617,9.32,9.02,0.3000000000000007,0.24244565197546356,0.264800289163118,0.2611640858641381,NEAR,NEAR,0.6,1,,,0.0,300
C2_n0.00_d300_r05,C2,202617,9.34,9.04,0.3000000000000007,0.2405846295806395,0.2649988156630572,0.2621227683138679,NEAR,NEAR,0.6,1,,,0.0,300
C2_n0.00_d300_r05,C2,202617,9.36,9.06,0.29999999999999893,0.23893730323962742,0.26485692138544975,0.26280630658176335,NEAR,NEAR,0.6,1,,,0.0,300
C2_n0.00_d300_r05,C2,202617,9.38,9.08,0.3000000000000007,0.23754106151206275,0.2643778268352606,0.26319918664513764,NEAR,NEAR,0.6,1,,,0.0,300
C2_n0.00_d300_r05,C2,202617,9.4,9.1,0.3000000000000007,0.23642759421300968,0.2635724057869903,0.2632924914306008,NEAR,NEAR,0.6,1,,,0.0,300
C2_n0.00_d300_r05,C2,202617,9.42,9.12,0.3000000000000007,0.23562217316473935,0.2624589384879372,0.2630841031949349,NEAR,NEAR,0.6,1,,,0.0,300
C2_n0.00_d300_r05,C2,202617,9.44,9.14,0.29999999999999893,0.23514307861455025,0.2610626967603726,0.26257875158629435,NEAR,NEAR,0.6,1,,,0.0,300
C2_n0.00_d300_r05,C2,202617,9.46,9.16,0.3000000000000007,0.23500118433694275,0.25941537041936047,0.2617879062945609,NEAR,NEAR,0.6,1,,,0.0,300
C2_n0.00_d300_r05,C2,202617,9.48,9.18,0.3000000000000007,0.235199710836882,0.2575543480245365,0.2607295167270548,NEAR,NEAR,0.6,1,,,0.0,300
C2_n0.00_d300_r05,C2,202617,9.5,9.2,0.3000000000000007,0.2357341522555727,0.25552186829027024,0.25942760461785863,NEAR,NEAR,0.6,1,,,0.0,300
C2_n0.00_d300_r05,C2,202617,9.52,9.22,0.29999999999999893,0.23659237863773103,0.25336406141424067,0.2579117188169541,NEAR,NEAR,0.6,1,,,0.0,300
C2_n0.00_d300_r05,C2,202617,9.54,9.24,0.29999999999999893,0.2377549112392422,0.25112990208291897,0.2562162646334453,NEAR,NEAR,0.6,1,,,0.0,300
C2_n0.00_d300_r05,C2,202617,9.56,9.26,0.3000000000000007,0.23919536462668142,0.24887009791708103,0.25437972295435424,NEAR,NEAR,0.6,1,,,0.0,300
C2_n0.00_d300_r05,C2,202617,9.58,9.28,0.3000000000000007,0.24088104553458092,0.24663593858575936,0.2524437768622055,NEAR,NEAR,0.6,1,,,0.0,300
C2_n0.00_d300_r05,C2,202617,9.6,9.3,0.29999999999999893,0.24277369488847422,0.24447813170972976,0.25045236557408657,NEAR,NEAR,0.6,1,,,0.0,300
C2_n0.00_d300_r05,C2,202617,9.62,9.32,0.29999999999999893,0.24483035615238213,0.24244565197546356,0.2484506871744308,NEAR,NEAR,0.6,1,,,0.0,300
C2_n0.00_d300_r05,C2,202617,9.64,9.34,0.3000000000000007,0.24700435029228393,0.2405846295806395,0.246484172775983,NEAR,NEAR,0.6,1,,,0.0,300
C2_n0.00_d300_r05,C2,202617,9.66,9.36,0.3000000000000007,0.24924633522730347,0.23893730323962742,0.2445974553918941,NEAR,NEAR,0.6,1,,,0.0,300
C2_n0.00_d300_r05,C2,202617,9.68,9.38,0.29999999999999893,0.2515054257227682,0.23754106151206275,0.24283335692193625,NEAR,NEAR,0.6,1,,,0.0,300
C2_n0.00_d300_r05,C2,202617,9.7,9.4,0.29999999999999893,0.25373034830747276,0.23642759421300968,0.24123191624470458,NEAR,NEAR,0.6,1,,,0.0,300
C2_n0.00_d300_r05,C2,202617,9.72,9.42,0.3000000000000007,0.2558706050025581,0.23562217316473935,0.23982948047471328,NEAR,NEAR,0.6,1,,,0.0,300
C2_n0.00_d300_r05,C2,202617,9.74,9.44,0.3000000000000007,0.25787761944941945,0.23514307861455025,0.23865788000967253,NEAR,NEAR,0.6,1,,,0.0,300
C2_n0.00_d300_r05,C2,202617,9.76,9.46,0.29999999999999893,0.25970583942354164,0.23500118433694275,0.23774370609149006,NEAR,NEAR,0.6,1,,,0.0,300
C2_n0.00_d300_r05,C2,202617,9.78,9.48,0.29999999999999893,0.2613137707110415,0.235199710836882,0.23710770727783803,NEAR,NEAR,0.6,1,,,0.0,300
C2_n0.00_d300_r05,C2,202617,9.8,9.5,0.3000000000000007,0.26266491888253024,0.2357341522555727,0.2367643185222717,NEAR,NEAR,0.6,1,,,0.0,300
C2_n0.00_d300_r05,C2,202617,9.82,9.52,0.3000000000000007,0.26372861758931376,0.23659237863773103,0.23672133355113656,NEAR,NEAR,0.6,1,,,0.0,300
C2_n0.00_d300_r05,C2,202617,9.84,9.54,0.3000000000000007,0.2644807245824991,0.2377549112392422,0.23697972797316297,NEAR,NEAR,0.6,1,,,0.0,300
C2_n0.00_d300_r05,C2,202617,9.86,9.56,0.29999999999999893,0.2649041696578001,0.23919536462668142,0.2375336371365426,NEAR,NEAR,0.6,1,,,0.0,300
C2_n0.00_d300_r05,C2,202617,9.88,9.58,0.3000000000000007,0.26498934208960884,0.24088104553458092,0.23837048923605217,NEAR,NEAR,0.6,1,,,0.0,300
C2_n0.00_d300_r05,C2,202617,9.9,9.6,0.3000000000000007,0.26473430876093035,0.24277369488847422,0.23947129064915768,NEAR,NEAR,0.6,1,,,0.0,300
C2_n0.00_d300_r05,C2,202617,9.92,9.62,0.3000000000000007,0.264144858038393,0.24483035615238213,0.2408110570249638,NEAR,NEAR,0.6,1,,,0.0,300
C2_n0.00_d300_r05,C2,202617,9.94,9.64,0.29999999999999893,0.2632343683965243,0.24700435029228393,0.24235938034179386,NEAR,NEAR,0.6,1,,,0.0,300
C2_n0.00_d300_r05,C2,202617,9.96,9.66,0.3000000000000007,0.2620235047730631,0.24924633522730347,0.24408111906317126,NEAR,NEAR,0.6,1,,,0.0,300
C2_n0.00_d300_r05,C2,202617,9.98,9.68,0.3000000000000007,0.2605397495469827,0.2515054257227682,0.2459371957280705,NEAR,NEAR,0.6,1,,,0.0,300
C2_n0.00_d300_r05,C2,202617,10.0,9.7,0.3000000000000007,0.2588167787843871,0.25373034830747276,0.24788548387292106,NEAR,NEAR,0.6,1,,,0.0,300
C2_n0.00_d300_r05,C2,202617,10.02,9.72,0.29999999999999893,0.25689369790932237,0.2558706050025581,0.2498817641553303,NEAR,NEAR,0.6,1,,,0.0,300
C2_n0.00_d300_r05,C2,202617,10.04,9.74,0.29999999999999893,0.25481415414710823,0.25787761944941945,0.2518807279788526,NEAR,NEAR,0.6,1,,,0.0,300
C2_n0.00_d300_r05,C2,202617,10.06,9.76,0.3000000000000007,0.2526253458846291,0.25970583942354164,0.25383700584002483,NEAR,NEAR,0.6,1,,,0.0,300
C2_n0.00_d300_r05,C2,202617,10.08,9.78,0.3000000000000007,0.25037695143165006,0.2613137707110415,0.255706197057779,NEAR,NEAR,0.6,1,,,0.0,300
C2_n0.00_d300_r05,C2,202617,10.1,9.8,0.29999999999999893,0.24812000149653549,0.26266491888253024,0.25744587751396686,NEAR,NEAR,0.6,1,,,0.0,300
C2_n0.00_d300_r05,C2,202617,10.12,9.82,0.29999999999999893,0.24590572096724023,0.26372861758931376,0.2590165625328036,NEAR,NEAR,0.6,1,,,0.0,300
C2_n0.00_d300_r05,C2,202617,10.14,9.84,0.3000000000000007,0.24378436628510067,0.2644807245824991,0.2603826030452275,NEAR,NEAR,0.6,1,,,0.0,300
C2_n0.00_d300_r05,C2,202617,10.16,9.86,0.3000000000000007,0.24180408479898596,0.2649041696578001,0.26151299469837064,NEAR,NEAR,0.6,1,,,0.0,300
C2_n0.00_d300_r05,C2,202617,10.18,9.88,0.29999999999999893,0.24000982198848625,0.26498934208960884,0.2623820815461802,NEAR,NEAR,0.6,1,,,0.0,300
C2_n0.00_d300_r05,C2,202617,10.2,9.9,0.29999999999999893,0.23844230135836322,0.26473430876093035,0.26297013834986777,NEAR,NEAR,0.6,1,,,0.0,300
C2_n0.00_d300_r05,C2,202617,10.22,9.92,0.3000000000000007,0.2371371001570952,0.264144858038393,0.2632638182719991,NEAR,NEAR,0.6,1,,,0.0,300
C2_n0.00_d300_r05,C2,202617,10.24,9.94,0.3000000000000007,0.23612384189748312,0.2632343683965243,0.2632564558031304,NEAR,NEAR,0.6,1,,,0.0,300
C2_n0.00_d300_r05,C2,202617,10.26,9.96,0.29999999999999893,0.2354255240062799,0.2620235047730631,0.2629482180456136,NEAR,NEAR,0.6,1,,,0.0,300
C2_n0.00_d300_r05,C2,202617,10.28,9.98,0.29999999999999893,0.23505799586285242,0.2605397495469827,0.2623461009209559,NEAR,NEAR,0.6,1,,,0.0,300
C2_n0.00_d300_r05,C2,202617,10.3,10.0,0.3000000000000007,0.23502959907357593,0.2588167787843871,0.2614637703868137,NEAR,NEAR,0.6,1,,,0.0,300
C2_n0.00_d300_r05,C2,202617,10.32,10.02,0.3000000000000007,0.23534097814647711,0.25689369790932237,0.26032125226744085,NEAR,NEAR,0.6,1,,,0.0,300
C2_n0.00_d300_r05,C2,202617,10.34,10.04,0.3000000000000007,0.23598506586315082,0.25481415414710823,0.2589444777373577,NEAR,NEAR,0.6,1,,,0.0,300
C2_n0.00_d300_r05,C2,202617,10.36,10.06,0.29999999999999893,0.23694724367995706,0.2526253458846291,0.2573646947741755,NEAR,NEAR,0.6,1,,,0.0,300
C2_n0.00_d300_r05,C2,202617,10.38,10.08,0.3000000000000007,0.23820567351795077,0.25037695143165006,0.25561775893854416,NEAR,NEAR,0.6,1,,,0.0,300
C2_n0.00_d300_r05,C2,202617,10.4,10.1,0.3000000000000007,0.2397317934110697,0.24812000149653549,0.25374331957804197,NEAR,NEAR,0.6,1,,,0.0,300
C2_n0.00_d300_r05,C2,202617,10.42,10.12,0.3000000000000007,0.24149096576309861,0.24590572096724023,0.25178391992534155,NEAR,NEAR,0.6,1,,,0.0,300
C2_n0.00_d300_r05,C2,202617,10.44,10.14,0.29999999999999893,0.24344326350023596,0.24378436628510067,0.24978403151528134,NEAR,NEAR,0.6,1,,,0.0,300
C2_n0.00_d300_r05,C2,202617,10.46,10.16,0.3000000000000007,0.2455443762763446,0.24180408479898596,0.2477890448362075,NEAR,NEAR,0.6,1,,,0.0,300
C2_n0.00_d300_r05,C2,202617,10.48,10.18,0.3000000000000007,0.24774661616318866,0.24000982198848625,0.24584423912427722,NEAR,NEAR,0.6,1,,,0.0,300
C2_n0.00_d300_r05,C2,202617,10.5,10.2,0.3000000000000007,0.25,0.23844230135836322,0.2439937546827987,NEAR,NEAR,0.6,1,,,0.0,300
C2_n0.00_d300_r05,C2,202617,10.52,10.22,0.29999999999999893,0.2522533838368113,0.2371371001570952,0.24227959105137284,NEAR,NEAR,0.6,1,,,0.0,300
C2_n0.00_d300_r05,C2,202617,10.54,10.24,0.29999999999999893,0.2544556237236554,0.23612384189748312,0.2407406537629004,NEAR,NEAR,0.6,1,,,0.0,300
C2_n0.00_d300_r05,C2,202617,10.56,10.26,0.3000000000000007,0.256556736499764,0.2354255240062799,0.23941187132374528,NEAR,NEAR,0.6,1,,,0.0,300
C2_n0.00_d300_r05,C2,202617,10.58,10.28,0.3000000000000007,0.25850903423690136,0.23505799586285242,0.23832340245852207,NEAR,NEAR,0.6,1,,,0.0,300
C2_n0.00_d300_r05,C2,202617,10.6,10.3,0.29999999999999893,0.2602682065889303,0.23502959907357593,0.23749995161228551,NEAR,NEAR,0.6,1,,,0.0,300
C2_n0.00_d300_r05,C2,202617,10.62,10.32,0.29999999999999893,0.2617943264820492,0.23534097814647711,0.23696020824583341,NEAR,NEAR,0.6,1,,,0.0,300
C2_n0.00_d300_r05,C2,202617,10.64,10.34,0.3000000000000007,0.26305275632004294,0.23598506586315082,0.23671642265016277,NEAR,NEAR,0.6,1,,,0.0,300
C2_n0.00_d300_r05,C2,202617,10.66,10.36,0.3000000000000007,0.2640149341368492,0.23694724367995706,0.23677412790761132,NEAR,NEAR,0.6,1,,,0.0,300
C2_n0.00_d300_r05,C2,202617,10.68,10.38,0.29999999999999893,0.2646590218535229,0.23820567351795077,0.23713201431019618,NEAR,NEAR,0.6,1,,,0.0,300
C2_n0.00_d300_r05,C2,202617,10.7,10.4,0.29999999999999893,0.26497040092642404,0.2397317934110697,0.23778195908541455,NEAR,NEAR,0.6,1,,,0.0,300
C2_n0.00_d300_r05,C2,202617,10.72,10.42,0.3000000000000007,0.2649420041371476,0.24149096576309861,0.23870921075483556,NEAR,NEAR,0.6,1,,,0.0,300
C2_n0.00_d300_r05,C2,202617,10.74,10.44,0.3000000000000007,0.2645744759937201,0.24344326350023596,0.23989272394118566,NEAR,NEAR,0.6,1,,,0.0,300
C2_n0.00_d300_r05,C2,202617,10.76,10.46,0.29999999999999893,0.26387615810251686,0.2455443762763446,0.2413056370249754,NEAR,NEAR,0.6,1,,,0.0,300
C2_n0.00_d300_r05,C2,202617,10.78,10.48,0.29999999999999893,0.26286289984290484,0.24774661616318866,0.24291588180952872,NEAR,NEAR,0.6,1,,,0.0,300
C2_n0.00_d300_r05,C2,202617,10.8,10.5,0.3000000000000007,0.2615576986416368,0.25,0.24468691135714654,NEAR,NEAR,0.6,1,,,0.0,300
C2_n0.00_d300_r05,C2,202617,10.82,10.52,0.3000000000000007,0.25999017801151375,0.2522533838368113,0.2465785294770627,NEAR,NEAR,0.6,1,,,0.0,300
C2_n0.00_d300_r05,C2,202617,10.84,10.54,0.3000000000000007,0.25819591520101404,0.2544556237236554,0.24854780303871088,NEAR,NEAR,0.6,1,,,0.0,300
C2_n0.00_d300_r05,C2,202617,10.86,10.56,0.29999999999999893,0.25621563371489936,0.256556736499764,0.25055003640397416,NEAR,NEAR,0.6,1,,,0.0,300
C2_n0.00_d300_r05,C2,202617,10.88,10.58,0.3000000000000007,0.2540942790327598,0.25850903423690136,0.252539785862206,NEAR,NEAR,0.6,1,,,0.0,300
C2_n0.00_d300_r05,C2,202617,10.9,10.6,0.3000000000000007,0.2518799985034645,0.2602682065889303,0.25447189104388707,NEAR,NEAR,0.6,1,,,0.0,300
C2_n0.00_d300_r05,C2,202617,10.92,10.62,0.3000000000000007,0.24962304856834996,0.2617943264820492,0.2563024999034276,NEAR,NEAR,0.6,1,,,0.0,300
C2_n0.00_d300_r05,C2,202617,10.94,10.64,0.29999999999999893,0.24737465411537093,0.26305275632004294,0.25799006400758145,NEAR,NEAR,0.6,1,,,0.0,300
C2_n0.00_d300_r05,C2,202617,10.96,10.66,0.3000000000000007,0.24518584585289174,0.2640149341368492,0.2594962815398984,NEAR,NEAR,0.6,1,,,0.0,300
C2_n0.00_d300_r05,C2,202617,10.98,10.68,0.3000000000000007,0.24310630209067766,0.2646590218535229,0.2607869666183045,NEAR,NEAR,0.6,1,,,0.0,300
C2_n0.00_d300_r05,C2,202617,11.0,10.7,0.3000000000000007,0.24118322121561292,0.26497040092642404,0.2618328251953344,NEAR,NEAR,0.6,1,,,0.0,300
C2_n0.00_d300_r05,C2,202617,11.02,10.72,0.29999999999999893,0.2394602504530173,0.2649420041371476,0.2626101199307877,NEAR,NEAR,0.6,1,,,0.0,300
C2_n0.00_d300_r05,C2,202617,11.04,10.74,0.29999999999999893,0.23797649522693692,0.2645744759937201,0.2631012089465208,NEAR,NEAR,0.6,1,,,0.0,300
C2_n0.00_d300_r05,C2,202617,11.06,10.76,0.3000000000000007,0.2367656316034757,0.26387615810251686,0.2632949462355198,NEAR,NEAR,0.6,1,,,0.0,300
C2_n0.00_d300_r05,C2,202617,11.08,10.78,0.3000000000000007,0.23585514196160703,0.26286289984290484,0.26318693463736603,NEAR,NEAR,0.6,1,,,0.0,300
C2_n0.00_d300_r05,C2,202617,11.1,10.8,0.29999999999999893,0.23526569123906968,0.2615576986416368,0.2627796256384337,NEAR,NEAR,0.6,1,,,0.0,300
C2_n0.00_d300_r05,C2,202617,11.12,10.82,0.29999999999999893,0.23501065791039116,0.25999017801151375,0.26208226373170374,NEAR,NEAR,0.6,1,,,0.0,300
C2_n0.00_d300_r05,C2,202617,11.14,10.84,0.3000000000000007,0.23509583034219989,0.25819591520101404,0.2611106765990313,NEAR,NEAR,0.6,1,,,0.0,300
C2_n0.00_d300_r05,C2,202617,11.16,10.86,0.3000000000000007,0.2355192754175009,0.25621563371489936,0.25988691587799834,NEAR,NEAR,0.6,1,,,0.0,300
C2_n0.00_d300_r05,C2,202617,11.18,10.88,0.29999999999999893,0.2362713824106862,0.2540942790327598,0.2584387566666887,NEAR,NEAR,0.6,1,,,0.0,300
C2_n0.00_d300_r05,C2,202617,11.2,10.9,0.29999999999999893,0.23733508111746973,0.2518799985034645,0.25679906712588263,NEAR,NEAR,0.6,1,,,0.0,300
C2_n0.00_d300_r05,C2,202617,11.22,10.92,0.3000000000000007,0.23868622928895847,0.24962304856834996,0.25500506248649946,NEAR,NEAR,0.6,1,,,0.0,300
C2_n0.00_d300_r05,C2,202617,11.24,10.94,0.3000000000000007,0.24029416057645833,0.24737465411537093,0.25309746039371733,NEAR,NEAR,0.6,1,,,0.0,300
C2_n0.00_d300_r05,C2,202617,11.26,10.96,0.29999999999999893,0.24212238055058055,0.24518584585289174,0.25111955675851094,NEAR,NEAR,0.6,1,,,0.0,300
C2_n0.00_d300_r05,C2,202617,11.28,10.98,0.29999999999999893,0.2441293949974419,0.24310630209067766,0.2491162430915526,NEAR,NEAR,0.6,1,,,0.0,300
C2_n0.00_d300_r05,C2,202617,11.3,11.0,0.3000000000000007,0.24626965169252724,0.24118322121561292,0.2471329876225677,NEAR,NEAR,0.6,1,,,0.0,300
C2_n0.00_d300_r05,C2,202617,11.32,11.02,0.3000000000000007,0.2484945742772318,0.2394602504530173,0.24521480333018011,NEAR,NEAR,0.6,1,,,0.0,300
C2_n0.00_d300_r05,C2,202617,11.34,11.04,0.3000000000000007,0.25075366477269656,0.23797649522693692,0.24340522630436934,NEAR,NEAR,0.6,1,,,0.0,300
C2_n0.00_d300_r05,C2,202617,11.36,11.06,0.29999999999999893,0.252995649707716,0.2367656316034757,0.2417453276291459,NEAR,NEAR,0.6,1,,,0.0,300
C2_n0.00_d300_r05,C2,202617,11.38,11.08,0.3000000000000007,0.2551696438476178,0.23585514196160703,0.2402727812122612,NEAR,NEAR,0.6,1,,,0.0,300
C2_n0.00_d300_r05,C2,202617,11.4,11.1,0.3000000000000007,0.2572263051115258,0.23526569123906968,0.23902100871896334,NEAR,NEAR,0.6,1,,,0.0,300
C2_n0.00_d300_r05,C2,202617,11.42,11.12,0.3000000000000007,0.25911895446541905,0.23501065791039116,0.2380184210168203,NEAR,NEAR,0.6,1,,,0.0,300
C2_n0.00_d300_r05,C2,202617,11.44,11.14,0.29999999999999893,0.26080463537331855,0.23509583034219989,0.2372877733481652,NEAR,NEAR,0.6,1,,,0.0,300
C2_n0.00_d300_r05,C2,202617,11.46,11.16,0.3000000000000007,0.2622450887607578,0.2355192754175009,0.23684564886549914,NEAR,NEAR,0.6,1,,,0.0,300
C2_n0.00_d300_r05,C2,202617,11.48,11.18,0.3000000000000007,0.263407621362269,0.2362713824106862,0.23670208225179593,NEAR,NEAR,0.6,1,,,0.0,300
C2_n0.00_d300_r05,C2,202617,11.5,11.2,0.3000000000000007,0.2642658477444273,0.23733508111746973,0.23686033196821438,NEAR,NEAR,0.6,1,,,0.0,300
C2_n0.00_d300_r05,C2,202617,11.52,11.22,0.29999999999999893,0.264800289163118,0.23868622928895847,0.2373168062984004,NEAR,NEAR,0.6,1,,,0.0,300
C2_n0.00_d300_r05,C2,202617,11.54,11.24,0.29999999999999893,0.2649988156630572,0.24029416057645833,0.2380611448679149,NEAR,NEAR,0.6,1,,,0.0,300
C2_n0.00_d300_r05,C2,202617,11.56,11.26,0.3000000000000007,0.26485692138544975,0.24212238055058055,0.23907645378858133,NEAR,NEAR,0.6,1,,,0.0,300
C2_n0.00_d300_r05,C2,202617,11.58,11.28,0.3000000000000007,0.2643778268352606,0.2441293949974419,0.24033968909079648,NEAR,NEAR,0.6,1,,,0.0,300
C2_n0.00_d300_r05,C2,202617,11.6,11.3,0.29999999999999893,0.2635724057869903,0.24626965169252724,0.24182217974122916,NEAR,NEAR,0.6,1,,,0.0,300
C2_n0.00_d300_r05,C2,202617,11.62,11.32,0.29999999999999893,0.2624589384879373,0.2484945742772318,0.2434902783752298,NEAR,NEAR,0.6,1,,,0.0,300
C2_n0.00_d300_r05,C2,202617,11.64,11.34,0.3000000000000007,0.2610626967603726,0.25075366477269656,0.2453061249745965,NEAR,NEAR,0.6,1,,,0.0,300
C2_n0.00_d300_r05,C2,202617,11.66,11.36,0.3000000000000007,0.2594153704193605,0.252995649707716,0.2472285061578764,NEAR,NEAR,0.6,1,,,0.0,300
C2_n0.00_d300_r05,C2,202617,11.68,11.38,0.29999999999999893,0.2575543480245365,0.2551696438476178,0.24921379058031173,NEAR,NEAR,0.6,1,,,0.0,300
C2_n0.00_d300_r05,C2,202617,11.7,11.4,0.29999999999999893,0.25552186829027024,0.2572263051115258,0.25121691921311523,NEAR,NEAR,0.6,1,,,0.0,300
C2_n0.00_d300_r05,C2,202617,11.72,11.42,0.3000000000000007,0.25336406141424067,0.25911895446541905,0.2531924280261912,NEAR,NEAR,0.6,1,,,0.0,300
C2_n0.00_d300_r05,C2,202617,11.74,11.44,0.3000000000000007,0.25112990208291897,0.26080463537331855,0.255095479862973,NEAR,NEAR,0.6,1,,,0.0,300
C2_n0.00_d300_r05,C2,202617,11.76,11.46,0.29999999999999893,0.24887009791708103,0.2622450887607578,0.25688288208741916,NEAR,NEAR,0.6,1,,,0.0,300
C2_n0.00_d300_r05,C2,202617,11.78,11.48,0.29999999999999893,0.24663593858575936,0.263407621362269,0.2585140669061316,NEAR,NEAR,0.6,1,,,0.0,300
C2_n0.00_d300_r05,C2,202617,11.8,11.5,0.3000000000000007,0.2444781317097298,0.2642658477444273,0.2599520121157055,NEAR,NEAR,0.6,1,,,0.0,300
C2_n0.00_d300_r05,C2,202617,11.82,11.52,0.3000000000000007,0.24244565197546356,0.264800289163118,0.26116408137755864,NEAR,NEAR,0.6,1,,,0.0,300
C2_n0.00_d300_r05,C2,202617,11.84,11.54,0.3000000000000007,0.2405846295806395,0.2649988156630572,0.2621227649489333,NEAR,NEAR,0.6,1,,,0.0,300
C2_n0.00_d300_r05,C2,202617,11.86,11.56,0.29999999999999893,0.23893730323962745,0.26485692138544975,0.2628063040580624,NEAR,NEAR,0.6,1,,,0.0,300
C2_n0.00_d300_r05,C2,202617,11.88,11.58,0.3000000000000007,0.23754106151206278,0.2643778268352606,0.2631991847523619,NEAR,NEAR,0.6,1,,,0.0,300
C2_n0.00_d300_r05,C2,202617,11.9,11.6,0.3000000000000007,0.23642759421300968,0.2635724057869903,0.263292490011019,NEAR,NEAR,0.6,1,,,0.0,300
C2_n0.00_d300_r05,C2,202617,11.92,11.62,0.3000000000000007,0.23562217316473938,0.2624589384879373,0.2630841021302486,NEAR,NEAR,0.6,1,,,0.0,300
C2_n0.00_d300_r05,C2,202617,11.94,11.64,0.29999999999999893,0.23514307861455025,0.2610626967603726,0.2625787507877796,NEAR,NEAR,0.6,1,,,0.0,300
C2_n0.00_d300_r05,C2,202617,11.96,11.66,0.3000000000000007,0.23500118433694275,0.2594153704193605,0.26178790569567484,NEAR,NEAR,0.6,1,,,0.0,300
C2_n0.00_d300_r05,C2,202617,11.98,11.68,0.3000000000000007,0.235199710836882,0.2575543480245365,0.2607295162778902,NEAR,NEAR,0.6,1,,,0.0,300
C2_n0.00_d300_r05,C2,202617,12.0,11.7,0.3000000000000007,0.25,0.25552186829027024,0.2594276042809852,NEAR,NEAR,0.6,1,,,0.0,300
C2_n0.00_d300_r05,C2,202617,12.02,11.72,0.29999999999999893,0.25175,0.25336406141424067,0.25791171856429906,NEAR,NEAR,0.6,1,,,0.0,300
C2_n0.00_d300_r05,C2,202617,12.04,11.74,0.29999999999999893,0.25349999999999995,0.25112990208291897,0.25621626444395407,NEAR,NEAR,0.6,1,,,0.0,300
C2_n0.00_d300_r05,C2,202617,12.06,11.76,0.3000000000000007,0.25525000000000003,0.24887009791708103,0.2543797228122358,NEAR,NEAR,0.6,1,,,0.0,300
C2_n0.00_d300_r05,C2,202617,12.08,11.78,0.3000000000000007,0.257,0.24663593858575936,0.2524437767556167,NEAR,NEAR,0.6,1,,,0.0,300
C2_n0.00_d300_r05,C2,202617,12.1,11.8,0.29999999999999893,0.25875,0.2444781317097298,0.25045236549414496,NEAR,NEAR,0.6,1,,,0.0,300
C2_n0.00_d300_r05,C2,202617,12.12,11.82,0.29999999999999893,0.26049999999999995,0.24244565197546356,0.2484506871144746,NEAR,NEAR,0.6,1,,,0.0,300
C2_n0.00_d300_r05,C2,202617,12.14,11.84,0.3000000000000007,0.26225000000000004,0.2405846295806395,0.24648417273101583,NEAR,NEAR,0.6,1,,,0.0,300
C2_n0.00_d300_r05,C2,202617,12.16,11.86,0.3000000000000007,0.264,0.23893730323962745,0.24459745535816874,NEAR,NEAR,0.6,1,,,0.0,300
C2_n0.00_d300_r05,C2,202617,12.18,11.88,0.29999999999999893,0.26575,0.23754106151206278,0.24283335689664226,NEAR,NEAR,0.6,1,,,0.0,300
C2_n0.00_d300_r05,C2,202617,12.2,11.9,0.29999999999999893,0.26749999999999996,0.23642759421300968,0.2412319162257341,NEAR,NEAR,0.6,1,,,0.0,300
C2_n0.00_d300_r05,C2,202617,12.22,11.92,0.3000000000000007,0.26925000000000004,0.23562217316473938,0.2398294804604854,NEAR,NEAR,0.6,1,,,0.0,300
C2_n0.00_d300_r05,C2,202617,12.24,11.94,0.3000000000000007,0.271,0.23514307861455025,0.23865787999900162,NEAR,NEAR,0.6,1,,,0.0,300
C2_n0.00_d300_r05,C2,202617,12.26,11.96,0.29999999999999893,0.27275,0.23500118433694275,0.2377437060834869,NEAR,NEAR,0.6,1,,,0.0,300
C2_n0.00_d300_r05,C2,202617,12.28,11.98,0.29999999999999893,0.27449999999999997,0.235199710836882,0.23710770727183567,NEAR,NEAR,0.6,1,,,0.0,300
C2_n0.00_d300_r05,C2,202617,12.3,12.0,0.3000000000000007,0.27625000000000005,0.25,0.24033078045387674,NEAR,NEAR,0.6,1,,,0.0,300
C2_n0.00_d300_r05,C2,202617,12.32,12.02,0.3000000000000007,0.278,0.25175,0.24318558534040752,NEAR,NEAR,0.6,1,,,0.0,300
C2_n0.00_d300_r05,C2,202617,12.34,12.04,0.3000000000000007,0.27975,0.25349999999999995,0.24576418900530564,NEAR,NEAR,0.6,1,,,0.0,300
C2_n0.00_d300_r05,C2,202617,12.36,12.06,0.29999999999999893,0.2815,0.25525000000000003,0.24813564175397923,NEAR,NEAR,0.6,1,,,0.0,300
C2_n0.00_d300_r05,C2,202617,12.38,12.08,0.3000000000000007,0.28325000000000006,0.257,0.2503517313154844,NEAR,NEAR,0.6,1,,,0.0,300
C2_n0.00_d300_r05,C2,202617,12.4,12.1,0.3000000000000007,0.28500000000000003,0.25875,0.2524512984866133,NEAR,NEAR,0.6,1,,,0.0,300
C2_n0.00_d300_r05,C2,202617,12.42,12.12,0.3000000000000007,0.28675,0.26049999999999995,0.25446347386495993,NEAR,NEAR,0.6,1,,,0.0,300
C2_n0.00_d300_r05,C2,202617,12.44,12.14,0.29999999999999893,0.2885,0.26225000000000004,0.25641010539871995,NEAR,NEAR,0.6,1,,,0.0,300
C2_n0.00_d300_r05,C2,202617,12.46,12.16,0.3000000000000007,0.29025000000000006,0.264,0.25830757904903995,NEAR,NEAR,0.6,1,,,0.0,300
C2_n0.00_d300_r05,C2,202617,12.48,12.18,0.3000000000000007,0.29200000000000004,0.26575,0.26016818428677996,NEAR,NEAR,0.6,1,,,0.0,300
C2_n0.00_d300_r05,C2,202617,12.5,12.2,0.3000000000000007,0.29375,0.26749999999999996,0.26200113821508497,NEAR,NEAR,0.6,1,,,0.0,300
C2_n0.00_d300_r05,C2,202617,12.52,12.22,0.29999999999999893,0.2955,0.26925000000000004,0.26381335366131375,NEAR,NEAR,0.6,1,,,0.0,300
C2_n0.00_d300_r05,C2,202617,12.54,12.24,0.29999999999999893,0.2972499999999999,0.271,0.2656100152459853,NEAR,NEAR,0.6,1,,,0.0,300
C2_n0.00_d300_r05,C2,202617,12.56,12.26,0.3000000000000007,0.29900000000000004,0.27275,0.267395011434489,NEAR,NEAR,0.6,1,,,0.0,300
C2_n0.00_d300_r05,C2,202617,12.58,12.28,0.3000000000000007,0.30075,0.27449999999999997,0.26917125857586677,NEAR,NEAR,0.6,1,,,0.0,300
C2_n0.00_d300_r05,C2,202617,12.6,12.3,0.29999999999999893,0.3025,0.27625000000000005,0.2709409439319001,NEAR,NEAR,0.6,1,,,0.0,300
C2_n0.00_d300_r05,C2,202617,12.62,12.32,0.29999999999999893,0.3042499999999999,0.278,0.27270570794892507,NEAR,NEAR,0.6,1,,,0.0,300
C2_n0.00_d300_r05,C2,202617,12.64,12.34,0.3000000000000007,0.30600000000000005,0.27975,0.2744667809616938,NEAR,NEAR,0.6,1,,,0.0,300
C2_n0.00_d300_r05,C2,202617,12.66,12.36,0.3000000000000007,0.30775,0.2815,0.27622508572127036,NEAR,NEAR,0.6,1,,,0.0,300
C2_n0.00_d300_r05,C2,202617,12.68,12.38,0.29999999999999893,0.3095,0.28325000000000006,0.2779813142909528,NEAR,NEAR,0.6,1,,,0.0,300
C2_n0.00_d300_r05,C2,202617,12.7,12.4,0.29999999999999893,0.3112499999999999,0.28500000000000003,0.27973598571821456,NEAR,NEAR,0.6,1,,,0.0,300
C2_n0.00_d300_r05,C2,202617,12.72,12.42,0.3000000000000007,0.31300000000000006,0.28675,0.2814894892886609,NEAR,NEAR,0.6,1,,,0.0,300
C2_n0.00_d300_r05,C2,202617,12.74,12.44,0.3000000000000007,0.31475000000000003,0.2885,0.2832421169664957,NEAR,NEAR,0.6,1,,,0.0,300
C2_n0.00_d300_r05,C2,202617,12.76,12.46,0.29999999999999893,0.3165,0.29025000000000006,0.2849940877248718,NEAR,NEAR,0.6,1,,,0.0,300
C2_n0.00_d300_r05,C2,202617,12.78,12.48,0.29999999999999893,0.3182499999999999,0.29200000000000004,0.28674556579365384,NEAR,NEAR,0.6,1,,,0.0,300
C2_n0.00_d300_r05,C2,202617,12.8,12.5,0.3000000000000007,0.32000000000000006,0.29375,0.2884966743452404,NEAR,NEAR,0.6,1,,,0.0,300
C2_n0.00_d300_r05,C2,202617,12.82,12.52,0.3000000000000007,0.32175000000000004,0.2955,0.2902475057589303,NEAR,NEAR,0.6,1,,,0.0,300
C2_n0.00_d300_r05,C2,202617,12.84,12.54,0.3000000000000007,0.3235,0.2972499999999999,0.2919981293191977,NEAR,NEAR,0.6,1,,,0.0,300
C2_n0.00_d300_r05,C2,202617,12.86,12.56,0.29999999999999893,0.32524999999999993,0.29900000000000004,0.29374859698939826,NEAR,NEAR,0.6,1,,,0.0,300
C2_n0.00_d300_r05,C2,202617,12.88,12.58,0.3000000000000007,0.32700000000000007,0.30075,0.2954989477420487,NEAR,NEAR,0.6,1,,,0.0,300
C2_n0.00_d300_r05,C2,202617,12.9,12.6,0.3000000000000007,0.32875000000000004,0.3025,0.29724921080653655,NEAR,NEAR,0.6,1,,,0.0,300
C2_n0.00_d300_r05,C2,202617,12.92,12.62,0.3000000000000007,0.3305,0.3042499999999999,0.2989994081049024,NEAR,NEAR,0.6,1,,,0.0,300
C2_n0.00_d300_r05,C2,202617,12.94,12.64,0.29999999999999893,0.33224999999999993,0.30600000000000005,0.3007495560786768,NEAR,NEAR,0.6,1,,,0.0,300
C2_n0.00_d300_r05,C2,202617,12.96,12.66,0.3000000000000007,0.3340000000000001,0.30775,0.3024996670590076,NEAR,NEAR,0.6,1,,,0.0,300
C2_n0.00_d300_r05,C2,202617,12.98,12.68,0.3000000000000007,0.33575000000000005,0.3095,0.3042497502942557,NEAR,NEAR,0.6,1,,,0.0,300
C2_n0.00_d300_r05,C2,202617,13.0,12.7,0.3000000000000007,0.3375,0.3112499999999999,0.30599981272069177,NEAR,NEAR,0.6,1,,,0.0,300
C2_n0.00_d300_r05,C2,202617,13.02,12.72,0.29999999999999893,0.33924999999999994,0.31300000000000006,0.3077498595405188,NEAR,NEAR,0.6,1,,,0.0,300
C2_n0.00_d300_r05,C2,202617,13.04,12.74,0.29999999999999893,0.3409999999999999,0.31475000000000003,0.30949989465538913,NEAR,NEAR,0.6,1,,,0.0,300
C2_n0.00_d300_r05,C2,202617,13.06,12.76,0.3000000000000007,0.34275000000000005,0.3165,0.31124992099154186,NEAR,NEAR,0.6,1,,,0.0,300
C2_n0.00_d300_r05,C2,202617,13.08,12.78,0.3000000000000007,0.34450000000000003,0.3182499999999999,0.3129999407436564,NEAR,NEAR,0.6,1,,,0.0,300
C2_n0.00_d300_r05,C2,202617,13.1,12.8,0.29999999999999893,0.34624999999999995,0.32000000000000006,0.3147499555577423,NEAR,NEAR,0.6,1,,,0.0,300
C2_n0.00_d300_r05,C2,202617,13.12,12.82,0.29999999999999893,0.3479999999999999,0.32175000000000004,0.31649996666830676,NEAR,NEAR,0.6,1,,,0.0,300
C2_n0.00_d300_r05,C2,202617,13.14,12.84,0.3000000000000007,0.34975000000000006,0.3235,0.3182499750012301,NEAR,NEAR,0.6,1,,,0.0,300
C2_n0.00_d300_r05,C2,202617,13.16,12.86,0.3000000000000007,0.35150000000000003,0.32524999999999993,0.31999998125092255,FAR,NEAR,0.6,1,,,0.0,300
C2_n0.00_d300_r05,C2,202617,13.18,12.88,0.29999999999999893,0.35324999999999995,0.32700000000000007,0.32174998593819193,FAR,NEAR,0.6,1,,,0.0,300
C2_n0.00_d300_r05,C2,202617,13.2,12.9,0.29999999999999893,0.3549999999999999,0.32875000000000004,0.32349998945364394,FAR,NEAR,0.6,1,,,0.0,300
C2_n0.00_d300_r05,C2,202617,13.22,12.92,0.3000000000000007,0.35675000000000007,0.3305,0.325249992090233,FAR,NEAR,0.6,1,,,0.0,300
C2_n0.00_d300_r05,C2,202617,13.24,12.94,0.3000000000000007,0.35850000000000004,0.33224999999999993,0.3269999940676747,FAR,NEAR,0.6,1,,,0.0,300
C2_n0.00_d300_r05,C2,202617,13.26,12.96,0.29999999999999893,0.36024999999999996,0.3340000000000001,0.32874999555075607,FAR,NEAR,0.6,1,,,0.0,300
C2_n0.00_d300_r05,C2,202617,13.28,12.98,0.29999999999999893,0.36199999999999993,0.33575000000000005,0.33049999666306706,FAR,NEAR,0.6,1,,,0.0,300
C2_n0.00_d300_r05,C2,202617,13.3,13.0,0.3000000000000007,0.3637500000000001,0.3375,0.33224999749730033,FAR,NEAR,0.6,1,,,0.0,300
C2_n0.00_d300_r05,C2,202617,13.32,13.02,0.3000000000000007,0.36550000000000005,0.33924999999999994,0.3339999981229752,FAR,NEAR,0.6,1,,,0.0,300
C2_n0.00_d300_r05,C2,202617,13.34,13.04,0.3000000000000007,0.36724999999999997,0.3409999999999999,0.33574999859223137,FAR,NEAR,0.6,1,,,0.0,300
C2_n0.00_d300_r05,C2,202617,13.36,13.06,0.29999999999999893,0.36899999999999994,0.34275000000000005,0.33749999894417354,FAR,NEAR,0.6,1,,,0.0,300
C2_n0.00_d300_r05,C2,202617,13.38,13.08,0.3000000000000007,0.3707500000000001,0.34450000000000003,0.33924999920813015,FAR,NEAR,0.6,1,,,0.0,300
C2_n0.00_d300_r05,C2,202617,13.4,13.1,0.3000000000000007,0.37250000000000005,0.34624999999999995,0.3409999994060976,FAR,NEAR,0.6,1,,,0.0,300
C2_n0.00_d300_r05,C2,202617,13.42,13.12,0.3000000000000007,0.37424999999999997,0.3479999999999999,0.3427499995545732,FAR,NEAR,0.6,1,,,0.0,300
C2_n0.00_d300_r05,C2,202617,13.44,13.14,0.29999999999999893,0.37599999999999995,0.34975000000000006,0.34449999966592987,FAR,NEAR,0.6,1,,,0.0,300
C2_n0.00_d300_r05,C2,202617,13.46,13.16,0.3000000000000007,0.37775000000000003,0.35150000000000003,0.34624999974944737,FAR,NEAR,0.6,1,,,0.0,300
C2_n0.00_d300_r05,C2,202617,13.48,13.18,0.3000000000000007,0.37950000000000006,0.35324999999999995,0.3479999998120855,FAR,NEAR,0.6,1,,,0.0,300
C2_n0.00_d300_r05,C2,202617,13.5,13.2,0.3000000000000007,0.38125,0.3549999999999999,0.34974999985906413,FAR,NEAR,0.6,1,,,0.0,300
C2_n0.00_d300_r05,C2,202617,13.52,13.22,0.29999999999999893,0.38299999999999995,0.35675000000000007,0.35149999989429814,FAR,NEAR,0.6,1,,,0.0,300
C2_n0.00_d300_r05,C2,202617,13.54,13.24,0.29999999999999893,0.3847499999999999,0.35850000000000004,0.35324999992072365,FAR,NEAR,0.6,1,,,0.0,300
C2_n0.00_d300_r05,C2,202617,13.56,13.26,0.3000000000000007,0.38650000000000007,0.36024999999999996,0.3549999999405427,FAR,NEAR,0.6,1,,,0.0,300
C2_n0.00_d300_r05,C2,202617,13.58,13.28,0.3000000000000007,0.38825,0.36199999999999993,0.356749999955407,FAR,NEAR,0.6,1,,,0.0,300
C2_n0.00_d300_r05,C2,202617,13.6,13.3,0.29999999999999893,0.38999999999999996,0.3637500000000001,0.35849999996655524,FAR,NEAR,0.6,1,,,0.0,300
C2_n0.00_d300_r05,C2,202617,13.62,13.32,0.29999999999999893,0.39174999999999993,0.36550000000000005,0.36024999997491647,FAR,NEAR,0.6,1,,,0.0,300
C2_n0.00_d300_r05,C2,202617,13.64,13.34,0.3000000000000007,0.39350000000000007,0.36724999999999997,0.36199999998118737,FAR,NEAR,0.6,1,,,0.0,300
C2_n0.00_d300_r05,C2,202617,13.66,13.36,0.3000000000000007,0.39525,0.36899999999999994,0.3637499999858905,FAR,NEAR,0.6,1,,,0.0,300
C2_n0.00_d300_r05,C2,202617,13.68,13.38,0.29999999999999893,0.39699999999999996,0.3707500000000001,0.36549999998941796,FAR,NEAR,0.6,1,,,0.0,300
C2_n0.00_d300_r05,C2,202617,13.7,13.4,0.29999999999999893,0.39874999999999994,0.37250000000000005,0.3672499999920635,FAR,NEAR,0.6,1,,,0.0,300
C2_n0.00_d300_r05,C2,202617,13.72,13.42,0.3000000000000007,0.4005000000000001,0.37424999999999997,0.3689999999940476,FAR,NEAR,0.6,1,,,0.0,300
C2_n0.00_d300_r05,C2,202617,13.74,13.44,0.3000000000000007,0.40225,0.37599999999999995,0.37074999999553565,FAR,NEAR,0.6,1,,,0.0,300
C2_n0.00_d300_r05,C2,202617,13.76,13.46,0.29999999999999893,0.40399999999999997,0.37775000000000003,0.37249999999665173,FAR,NEAR,0.6,1,,,0.0,300
C2_n0.00_d300_r05,C2,202617,13.78,13.48,0.29999999999999893,0.40574999999999994,0.37950000000000006,0.37424999999748887,FAR,NEAR,0.6,1,,,0.0,300
C2_n0.00_d300_r05,C2,202617,13.8,13.5,0.3000000000000007,0.4075000000000001,0.38125,0.3759999999981166,FAR,NEAR,0.6,1,,,0.0,300
C2_n0.00_d300_r05,C2,202617,13.82,13.52,0.3000000000000007,0.40925,0.38299999999999995,0.3777499999985875,FAR,NEAR,0.6,1,,,0.0,300
C2_n0.00_d300_r05,C2,202617,13.84,13.54,0.3000000000000007,0.411,0.3847499999999999,0.3794999999989406,FAR,NEAR,0.6,1,,,0.0,300
C2_n0.00_d300_r05,C2,202617,13.86,13.56,0.29999999999999893,0.41274999999999995,0.38650000000000007,0.38124999999920545,FAR,FAR,0.0,1,EXIT_NEAR,,0.0,300
C2_n0.00_d300_r05,C2,202617,13.88,13.58,0.3000000000000007,0.4145000000000001,0.38825,0.3829999999994041,FAR,FAR,0.0,1,,,0.0,300
C2_n0.00_d300_r05,C2,202617,13.9,13.6,0.3000000000000007,0.41625,0.38999999999999996,0.38474999999955306,FAR,FAR,0.0,1,,,0.0,300
C2_n0.00_d300_r05,C2,202617,13.92,13.62,0.3000000000000007,0.418,0.39174999999999993,0.3864999999996648,FAR,FAR,0.0,1,,,0.0,300
C2_n0.00_d300_r05,C2,202617,13.94,13.64,0.29999999999999893,0.41974999999999996,0.39350000000000007,0.38824999999974863,FAR,FAR,0.0,1,,,0.0,300
C2_n0.00_d300_r05,C2,202617,13.96,13.66,0.3000000000000007,0.4215000000000001,0.39525,0.3899999999998115,FAR,FAR,0.0,1,,,0.0,300
C2_n0.00_d300_r05,C2,202617,13.98,13.68,0.3000000000000007,0.42325,0.39699999999999996,0.39174999999985866,FAR,FAR,0.0,1,,,0.0,300
C2_n0.00_d300_r05,C2,202617,14.0,13.7,0.3000000000000007,0.425,0.39874999999999994,0.393499999999894,FAR,FAR,0.0,1,,,0.0,300
C2_n0.00_d300_r05,C2,202617,14.02,13.72,0.29999999999999893,0.42674999999999996,0.4005000000000001,0.3952499999999205,FAR,FAR,0.0,1,,,0.0,300
C2_n0.00_d300_r05,C2,202617,14.04,13.74,0.29999999999999893,0.4284999999999999,0.40225,0.3969999999999404,FAR,FAR,0.0,1,,,0.0,300
C2_n0.00_d300_r05,C2,202617,14.06,13.76,0.3000000000000007,0.43025,0.40399999999999997,0.3987499999999553,FAR,FAR,0.0,1,,,0.0,300
C2_n0.00_d300_r05,C2,202617,14.08,13.78,0.3000000000000007,0.432,0.40574999999999994,0.40049999999996644,FAR,FAR,0.0,1,,,0.0,300
C2_n0.00_d300_r05,C2,202617,14.1,13.8,0.29999999999999893,0.43374999999999997,0.4075000000000001,0.4022499999999749,FAR,FAR,0.0,1,,,0.0,300
C2_n0.00_d300_r05,C2,202617,14.12,13.82,0.29999999999999893,0.4354999999999999,0.40925,0.40399999999998115,FAR,FAR,0.0,1,,,0.0,300
C2_n0.00_d300_r05,C2,202617,14.14,13.84,0.3000000000000007,0.43725,0.411,0.40574999999998584,FAR,FAR,0.0,1,,,0.0,300
C2_n0.00_d300_r05,C2,202617,14.16,13.86,0.3000000000000007,0.439,0.41274999999999995,0.40749999999998937,FAR,FAR,0.0,1,,,0.0,300
C2_n0.00_d300_r05,C2,202617,14.18,13.88,0.29999999999999893,0.44075,0.4145000000000001,0.40924999999999206,FAR,FAR,0.0,1,,,0.0,300
C2_n0.00_d300_r05,C2,202617,14.2,13.9,0.29999999999999893,0.4424999999999999,0.41625,0.41099999999999404,FAR,FAR,0.0,1,,,0.0,300
C2_n0.00_d300_r05,C2,202617,14.22,13.92,0.3000000000000007,0.44425000000000003,0.418,0.4127499999999955,FAR,FAR,0.0,1,,,0.0,300
C2_n0.00_d300_r05,C2,202617,14.24,13.94,0.3000000000000007,0.446,0.41974999999999996,0.41449999999999665,FAR,FAR,0.0,1,,,0.0,300
C2_n0.00_d300_r05,C2,202617,14.26,13.96,0.29999999999999893,0.44775,0.4215000000000001,0.41624999999999746,FAR,FAR,0.0,1,,,0.0,300
C2_n0.00_d300_r05,C2,202617,14.28,13.98,0.29999999999999893,0.4494999999999999,0.42325,0.41799999999999804,FAR,FAR,0.0,1,,,0.0,300
C2_n0.00_d300_r05,C2,202617,14.3,14.0,0.3000000000000007,0.45125000000000004,0.425,0.41974999999999857,FAR,FAR,0.0,1,,,0.0,300
C2_n0.00_d300_r05,C2,202617,14.32,14.02,0.3000000000000007,0.453,0.42674999999999996,0.42149999999999893,FAR,FAR,0.0,1,,,0.0,300
C2_n0.00_d300_r05,C2,202617,14.34,14.04,0.3000000000000007,0.45475,0.4284999999999999,0.4232499999999992,FAR,FAR,0.0,1,,,0.0,300
C2_n0.00_d300_r05,C2,202617,14.36,14.06,0.29999999999999893,0.4564999999999999,0.43025,0.4249999999999994,FAR,FAR,0.0,1,,,0.0,300
C2_n0.00_d300_r05,C2,202617,14.38,14.08,0.3000000000000007,0.45825000000000005,0.432,0.4267499999999995,FAR,FAR,0.0,1,,,0.0,300
C2_n0.00_d300_r05,C2,202617,14.4,14.1,0.3000000000000007,0.46,0.43374999999999997,0.42849999999999966,FAR,FAR,0.0,1,,,0.0,300
C2_n0.00_d300_r05,C2,202617,14.42,14.12,0.3000000000000007,0.46175,0.4354999999999999,0.4302499999999997,FAR,FAR,0.0,1,,,0.0,300
C2_n0.00_d300_r05,C2,202617,14.44,14.14,0.29999999999999893,0.4634999999999999,0.43725,0.43199999999999983,FAR,FAR,0.0,1,,,0.0,300
C2_n0.00_d300_r05,C2,202617,14.46,14.16,0.3000000000000007,0.46525000000000005,0.439,0.43374999999999986,FAR,FAR,0.0,1,,,0.0,300
C2_n0.00_d300_r05,C2,202617,14.48,14.18,0.3000000000000007,0.467,0.44075,0.4354999999999999,FAR,FAR,0.0,1,,,0.0,300
C2_n0.00_d300_r05,C2,202617,14.5,14.2,0.3000000000000007,0.46875,0.4424999999999999,0.4372499999999999,FAR,FAR,0.0,1,,,0.0,300
C2_n0.00_d300_r05,C2,202617,14.52,14.22,0.29999999999999893,0.4704999999999999,0.44425000000000003,0.43899999999999995,FAR,FAR,0.0,1,,,0.0,300
C2_n0.00_d300_r05,C2,202617,14.54,14.24,0.29999999999999893,0.47224999999999995,0.446,0.4407499999999999,FAR,FAR,0.0,1,,,0.0,300
C2_n0.00_d300_r05,C2,202617,14.56,14.26,0.3000000000000007,0.47400000000000003,0.44775,0.4424999999999999,FAR,FAR,0.0,1,,,0.0,300
C2_n0.00_d300_r05,C2,202617,14.58,14.28,0.3000000000000007,0.47575,0.4494999999999999,0.4442499999999999,FAR,FAR,0.0,1,,,0.0,300
C2_n0.00_d300_r05,C2,202617,14.6,14.3,0.29999999999999893,0.4774999999999999,0.45125000000000004,0.44599999999999995,FAR,FAR,0.0,1,,,0.0,300
C2_n0.00_d300_r05,C2,202617,14.62,14.32,0.29999999999999893,0.47924999999999995,0.453,0.44775,FAR,FAR,0.0,1,,,0.0,300
C2_n0.00_d300_r05,C2,202617,14.64,14.34,0.3000000000000007,0.48100000000000004,0.45475,0.44949999999999996,FAR,FAR,0.0,1,,,0.0,300
C2_n0.00_d300_r05,C2,202617,14.66,14.36,0.3000000000000007,0.48275,0.4564999999999999,0.45124999999999993,FAR,FAR,0.0,1,,,0.0,300
C2_n0.00_d300_r05,C2,202617,14.68,14.38,0.29999999999999893,0.48449999999999993,0.45825000000000005,0.45299999999999996,FAR,FAR,0.0,1,,,0.0,300
C2_n0.00_d300_r05,C2,202617,14.7,14.4,0.29999999999999893,0.48624999999999996,0.46,0.45475,FAR,FAR,0.0,1,,,0.0,300
C2_n0.00_d300_r05,C2,202617,14.72,14.42,0.3000000000000007,0.48800000000000004,0.46175,0.4565,FAR,FAR,0.0,1,,,0.0,300
C2_n0.00_d300_r05,C2,202617,14.74,14.44,0.3000000000000007,0.48975,0.4634999999999999,0.45824999999999994,FAR,FAR,0.0,1,,,0.0,300
C2_n0.00_d300_r05,C2,202617,14.76,14.46,0.29999999999999893,0.49149999999999994,0.46525000000000005,0.45999999999999996,FAR,FAR,0.0,1,,,0.0,300
C2_n0.00_d300_r05,C2,202617,14.78,14.48,0.29999999999999893,0.49324999999999997,0.467,0.46175,FAR,FAR,0.0,1,,,0.0,300
C2_n0.00_d300_r05,C2,202617,14.8,14.5,0.3000000000000007,0.49500000000000005,0.46875,0.4635,FAR,FAR,0.0,1,,,0.0,300
C2_n0.00_d300_r05,C2,202617,14.82,14.52,0.3000000000000007,0.49675,0.4704999999999999,0.46525,FAR,FAR,0.0,1,,,0.0,300
C2_n0.00_d300_r05,C2,202617,14.84,14.54,0.3000000000000007,0.49849999999999994,0.47224999999999995,0.46699999999999997,FAR,FAR,0.0,1,,,0.0,300
C2_n0.00_d300_r05,C2,202617,14.86,14.56,0.29999999999999893,0.5002499999999999,0.47400000000000003,0.46874999999999994,FAR,FAR,0.0,1,,,0.0,300
C2_n0.00_d300_r05,C2,202617,14.88,14.58,0.3000000000000007,0.502,0.47575,0.4704999999999999,FAR,FAR,0.0,1,,,0.0,300
C2_n0.00_d300_r05,C2,202617,14.9,14.6,0.3000000000000007,0.50375,0.4774999999999999,0.47224999999999995,FAR,FAR,0.0,1,,,0.0,300
C2_n0.00_d300_r05,C2,202617,14.92,14.62,0.3000000000000007,0.5055000000000001,0.47924999999999995,0.474,FAR,FAR,0.0,1,,,0.0,300
C2_n0.00_d300_r05,C2,202617,14.94,14.64,0.29999999999999893,0.50725,0.48100000000000004,0.47575,FAR,FAR,0.0,1,,,0.0,300
C2_n0.00_d300_r05,C2,202617,14.96,14.66,0.3000000000000007,0.5090000000000001,0.48275,0.4775,FAR,FAR,0.0,1,,,0.0,300
C2_n0.00_d300_r05,C2,202617,14.98,14.68,0.3000000000000007,0.51075,0.48449999999999993,0.47924999999999995,FAR,FAR,0.0,1,,,0.0,300
C2_n0.00_d300_r05,C2,202617,15.0,14.7,0.3000000000000007,0.5125,0.48624999999999996,0.481,FAR,FAR,0.0,1,,,0.0,300
C2_n0.00_d300_r05,C2,202617,15.02,14.72,0.29999999999999893,0.5142499999999999,0.48800000000000004,0.48275,FAR,FAR,0.0,1,,,0.0,300
C2_n0.00_d300_r05,C2,202617,15.04,14.74,0.29999999999999893,0.5159999999999999,0.48975,0.48450000000000004,FAR,FAR,0.0,1,,,0.0,300
C2_n0.00_d300_r05,C2,202617,15.06,14.76,0.3000000000000007,0.51775,0.49149999999999994,0.48624999999999996,FAR,FAR,0.0,1,,,0.0,300
C2_n0.00_d300_r05,C2,202617,15.08,14.78,0.3000000000000007,0.5195,0.49324999999999997,0.48799999999999993,FAR,FAR,0.0,1,,,0.0,300
C2_n0.00_d300_r05,C2,202617,15.1,14.8,0.29999999999999893,0.52125,0.49500000000000005,0.48974999999999996,FAR,FAR,0.0,1,,,0.0,300
C2_n0.00_d300_r05,C2,202617,15.12,14.82,0.29999999999999893,0.5229999999999999,0.49675,0.4915,FAR,FAR,0.0,1,,,0.0,300
C2_n0.00_d300_r05,C2,202617,15.14,14.84,0.3000000000000007,0.52475,0.49849999999999994,0.49324999999999997,FAR,FAR,0.0,1,,,0.0,300
C2_n0.00_d300_r05,C2,202617,15.16,14.86,0.3000000000000007,0.5265,0.5002499999999999,0.49499999999999994,FAR,FAR,0.0,1,,,0.0,300
C2_n0.00_d300_r05,C2,202617,15.18,14.88,0.29999999999999893,0.5282499999999999,0.502,0.49674999999999997,FAR,FAR,0.0,1,,,0.0,300
C2_n0.00_d300_r05,C2,202617,15.2,14.9,0.29999999999999893,0.5299999999999999,0.50375,0.49849999999999994,FAR,FAR,0.0,1,,,0.0,300
C2_n0.00_d300_r05,C2,202617,15.22,14.92,0.3000000000000007,0.5317500000000001,0.5055000000000001,0.50025,FAR,FAR,0.0,1,,,0.0,300
C2_n0.00_d300_r05,C2,202617,15.24,14.94,0.3000000000000007,0.5335,0.50725,0.502,FAR,FAR,0.0,1,,,0.0,300
C2_n0.00_d300_r05,C2,202617,15.26,14.96,0.29999999999999893,0.53525,0.5090000000000001,0.50375,FAR,FAR,0.0,1,,,0.0,300
C2_n0.00_d300_r05,C2,202617,15.28,14.98,0.29999999999999893,0.5369999999999999,0.51075,0.5055000000000001,FAR,FAR,0.0,1,,,0.0,300
C2_n0.00_d300_r05,C2,202617,15.3,15.0,0.3000000000000007,0.5387500000000001,0.5125,0.50725,FAR,FAR,0.0,1,,,0.0,300
C2_n0.00_d300_r05,C2,202617,15.32,15.02,0.3000000000000007,0.5405,0.5142499999999999,0.5089999999999999,FAR,FAR,0.0,1,,,0.0,300
C2_n0.00_d300_r05,C2,202617,15.34,15.04,0.3000000000000007,0.5422499999999999,0.5159999999999999,0.5107499999999999,FAR,FAR,0.0,1,,,0.0,300
C2_n0.00_d300_r05,C2,202617,15.36,15.06,0.29999999999999893,0.5439999999999999,0.51775,0.5125,FAR,FAR,0.0,1,,,0.0,300
C2_n0.00_d300_r05,C2,202617,15.38,15.08,0.3000000000000007,0.5457500000000001,0.5195,0.51425,FAR,FAR,0.0,1,,,0.0,300
C2_n0.00_d300_r05,C2,202617,15.4,15.1,0.3000000000000007,0.5475,0.52125,0.516,FAR,FAR,0.0,1,,,0.0,300
C2_n0.00_d300_r05,C2,202617,15.42,15.12,0.3000000000000007,0.54925,0.5229999999999999,0.5177499999999999,FAR,FAR,0.0,1,,,0.0,300
C2_n0.00_d300_r05,C2,202617,15.44,15.14,0.29999999999999893,0.5509999999999999,0.52475,0.5195,FAR,FAR,0.0,1,,,0.0,300
C2_n0.00_d300_r05,C2,202617,15.46,15.16,0.3000000000000007,0.5527500000000001,0.5265,0.52125,FAR,FAR,0.0,1,,,0.0,300
C2_n0.00_d300_r05,C2,202617,15.48,15.18,0.3000000000000007,0.5545,0.5282499999999999,0.5229999999999999,FAR,FAR,0.0,1,,,0.0,300
C2_n0.00_d300_r05,C2,202617,15.5,15.2,0.3000000000000007,0.5562499999999999,0.5299999999999999,0.5247499999999999,FAR,FAR,0.0,1,,,0.0,300
C2_n0.00_d300_r05,C2,202617,15.52,15.22,0.29999999999999893,0.5579999999999999,0.5317500000000001,0.5265,FAR,FAR,0.0,1,,,0.0,300
C2_n0.00_d300_r05,C2,202617,15.54,15.24,0.29999999999999893,0.55975,0.5335,0.52825,FAR,FAR,0.0,1,,,0.0,300
C2_n0.00_d300_r05,C2,202617,15.56,15.26,0.3000000000000007,0.5615,0.53525,0.53,FAR,FAR,0.0,1,,,0.0,300
C2_n0.00_d300_r05,C2,202617,15.58,15.28,0.3000000000000007,0.56325,0.5369999999999999,0.53175,FAR,FAR,0.0,1,,,0.0,300
C2_n0.00_d300_r05,C2,202617,15.6,15.3,0.29999999999999893,0.565,0.5387500000000001,0.5335,FAR,FAR,0.0,1,,,0.0,300
C2_n0.00_d300_r05,C2,202617,15.62,15.32,0.29999999999999893,0.5667499999999999,0.5405,0.53525,FAR,FAR,0.0,1,,,0.0,300
C2_n0.00_d300_r05,C2,202617,15.64,15.34,0.3000000000000007,0.5685,0.5422499999999999,0.5369999999999999,FAR,FAR,0.0,1,,,0.0,300
C2_n0.00_d300_r05,C2,202617,15.66,15.36,0.3000000000000007,0.5702499999999999,0.5439999999999999,0.53875,FAR,FAR,0.0,1,,,0.0,300
C2_n0.00_d300_r05,C2,202617,15.68,15.38,0.29999999999999893,0.572,0.5457500000000001,0.5405,FAR,FAR,0.0,1,,,0.0,300
C2_n0.00_d300_r05,C2,202617,15.7,15.4,0.29999999999999893,0.57375,0.5475,0.54225,FAR,FAR,0.0,1,,,0.0,300
C2_n0.00_d300_r05,C2,202617,15.72,15.42,0.3000000000000007,0.5755,0.54925,0.544,FAR,FAR,0.0,1,,,0.0,300
C2_n0.00_d300_r05,C2,202617,15.74,15.44,0.3000000000000007,0.57725,0.5509999999999999,0.54575,FAR,FAR,0.0,1,,,0.0,300
C2_n0.00_d300_r05,C2,202617,15.76,15.46,0.29999999999999893,0.579,0.5527500000000001,0.5475,FAR,FAR,0.0,1,,,0.0,300
C2_n0.00_d300_r05,C2,202617,15.78,15.48,0.29999999999999893,0.5807499999999999,0.5545,0.54925,FAR,FAR,0.0,1,,,0.0,300
C2_n0.00_d300_r05,C2,202617,15.8,15.5,0.3000000000000007,0.5825,0.5562499999999999,0.5509999999999999,FAR,FAR,0.0,1,,,0.0,300
C2_n0.00_d300_r05,C2,202617,15.82,15.52,0.3000000000000007,0.5842499999999999,0.5579999999999999,0.55275,FAR,FAR,0.0,1,,,0.0,300
C2_n0.00_d300_r05,C2,202617,15.84,15.54,0.3000000000000007,0.586,0.55975,0.5545,FAR,FAR,0.0,1,,,0.0,300
C2_n0.00_d300_r05,C2,202617,15.86,15.56,0.29999999999999893,0.58775,0.5615,0.55625,FAR,FAR,0.0,1,,,0.0,300
C2_n0.00_d300_r05,C2,202617,15.88,15.58,0.3000000000000007,0.5895,0.56325,0.558,FAR,FAR,0.0,1,,,0.0,300
C2_n0.00_d300_r05,C2,202617,15.9,15.6,0.3000000000000007,0.59125,0.565,0.55975,FAR,FAR,0.0,1,,,0.0,300
C2_n0.00_d300_r05,C2,202617,15.92,15.62,0.3000000000000007,0.593,0.5667499999999999,0.5614999999999999,FAR,FAR,0.0,1,,,0.0,300
C2_n0.00_d300_r05,C2,202617,15.94,15.64,0.29999999999999893,0.5947499999999999,0.5685,0.5632499999999999,FAR,FAR,0.0,1,,,0.0,300
C2_n0.00_d300_r05,C2,202617,15.96,15.66,0.3000000000000007,0.5965,0.5702499999999999,0.565,FAR,FAR,0.0,1,,,0.0,300
C2_n0.00_d300_r05,C2,202617,15.98,15.68,0.3000000000000007,0.59825,0.572,0.56675,FAR,FAR,0.0,1,,,0.0,300
C2_n0.00_d300_r05,C2,202617,16.0,15.7,0.3000000000000007,0.6,0.57375,0.5685,FAR,FAR,0.0,1,,,0.0,300
C2_n0.00_d300_r05,C2,202617,16.02,15.72,0.29999999999999893,0.6,0.5755,0.57025,FAR,FAR,0.0,1,,,0.0,300
C2_n0.00_d300_r05,C2,202617,16.04,15.74,0.29999999999999893,0.6,0.57725,0.5720000000000001,FAR,FAR,0.0,1,,,0.0,300
C2_n0.00_d300_r05,C2,202617,16.06,15.76,0.29999999999999893,0.6,0.579,0.57375,FAR,FAR,0.0,1,,,0.0,300
C2_n0.00_d300_r05,C2,202617,16.08,15.78,0.29999999999999893,0.6,0.5807499999999999,0.5754999999999999,FAR,FAR,0.0,1,,,0.0,300
C2_n0.00_d300_r05,C2,202617,16.1,15.8,0.3000000000000007,0.6,0.5825,0.5772499999999999,FAR,FAR,0.0,1,,,0.0,300
C2_n0.00_d300_r05,C2,202617,16.12,15.82,0.3000000000000007,0.6,0.5842499999999999,0.579,FAR,FAR,0.0,1,,,0.0,300
C2_n0.00_d300_r05,C2,202617,16.14,15.84,0.3000000000000007,0.6,0.586,0.58075,FAR,FAR,0.0,1,,,0.0,300
C2_n0.00_d300_r05,C2,202617,16.16,15.86,0.3000000000000007,0.6,0.58775,0.5825,FAR,FAR,0.0,1,,,0.0,300
C2_n0.00_d300_r05,C2,202617,16.18,15.88,0.29999999999999893,0.6,0.5895,0.58425,FAR,FAR,0.0,1,,,0.0,300
C2_n0.00_d300_r05,C2,202617,16.2,15.9,0.29999999999999893,0.6,0.59125,0.5860000000000001,FAR,FAR,0.0,1,,,0.0,300
C2_n0.00_d300_r05,C2,202617,16.22,15.92,0.29999999999999893,0.6,0.593,0.58775,FAR,FAR,0.0,1,,,0.0,300
C2_n0.00_d300_r05,C2,202617,16.24,15.94,0.29999999999999893,0.6,0.5947499999999999,0.5894999999999999,FAR,FAR,0.0,1,,,0.0,300
C2_n0.00_d300_r05,C2,202617,16.26,15.96,0.3000000000000007,0.6,0.5965,0.5912499999999999,FAR,FAR,0.0,1,,,0.0,300
C2_n0.00_d300_r05,C2,202617,16.28,15.98,0.3000000000000007,0.6,0.59825,0.593,FAR,FAR,0.0,1,,,0.0,300
C2_n0.00_d300_r05,C2,202617,16.3,16.0,0.3000000000000007,0.6,0.6,0.59475,FAR,FAR,0.0,1,,,0.0,300
C2_n0.00_d300_r05,C2,202617,16.32,16.02,0.3000000000000007,0.6,0.6,0.5960625,FAR,FAR,0.0,1,,,0.0,300
C2_n0.00_d300_r05,C2,202617,16.34,16.04,0.3000000000000007,0.6,0.6,0.5970468750000001,FAR,FAR,0.0,1,,,0.0,300
C2_n0.00_d300_r05,C2,202617,16.36,16.06,0.3000000000000007,0.6,0.6,0.5977851562500001,FAR,FAR,0.0,1,,,0.0,300
C2_n0.00_d300_r05,C2,202617,16.38,16.08,0.3000000000000007,0.6,0.6,0.5983388671875001,FAR,FAR,0.0,1,,,0.0,300
C2_n0.00_d300_r05,C2,202617,16.4,16.1,0.29999999999999716,0.6,0.6,0.5987541503906251,FAR,FAR,0.0,1,,,0.0,300
C2_n0.00_d300_r05,C2,202617,16.42,16.12,0.3000000000000007,0.6,0.6,0.5990656127929688,FAR,FAR,0.0,1,,,0.0,300
C2_n0.00_d300_r05,C2,202617,16.44,16.14,0.3000000000000007,0.6,0.6,0.5992992095947266,FAR,FAR,0.0,1,,,0.0,300
C2_n0.00_d300_r05,C2,202617,16.46,16.16,0.3000000000000007,0.6,0.6,0.599474407196045,FAR,FAR,0.0,1,,,0.0,300
C2_n0.00_d300_r05,C2,202617,16.48,16.18,0.3000000000000007,0.6,0.6,0.5996058053970337,FAR,FAR,0.0,1,,,0.0,300
C2_n0.00_d300_r05,C2,202617,16.5,16.2,0.3000000000000007,0.6,0.6,0.5997043540477752,FAR,FAR,0.0,1,,,0.0,300
C2_n0.00_d300_r05,C2,202617,16.52,16.22,0.3000000000000007,0.6,0.6,0.5997782655358315,FAR,FAR,0.0,1,,,0.0,300
C2_n0.00_d300_r05,C2,202617,16.54,16.24,0.3000000000000007,0.6,0.6,0.5998336991518736,FAR,FAR,0.0,1,,,0.0,300
C2_n0.00_d300_r05,C2,202617,16.56,16.26,0.29999999999999716,0.6,0.6,0.5998752743639052,FAR,FAR,0.0,1,,,0.0,300
C2_n0.00_d300_r05,C2,202617,16.58,16.28,0.29999999999999716,0.6,0.6,0.5999064557729289,FAR,FAR,0.0,1,,,0.0,300
C2_n0.00_d300_r05,C2,202617,16.6,16.3,0.3000000000000007,0.6,0.6,0.5999298418296967,FAR,FAR,0.0,1,,,0.0,300
C2_n0.00_d300_r05,C2,202617,16.62,16.32,0.3000000000000007,0.6,0.6,0.5999473813722725,FAR,FAR,0.0,1,,,0.0,300
C2_n0.00_d300_r05,C2,202617,16.64,16.34,0.3000000000000007,0.6,0.6,0.5999605360292044,FAR,FAR,0.0,1,,,0.0,300
C2_n0.00_d300_r05,C2,202617,16.66,16.36,0.3000000000000007,0.6,0.6,0.5999704020219033,FAR,FAR,0.0,1,,,0.0,300
C2_n0.00_d300_r05,C2,202617,16.68,16.38,0.3000000000000007,0.6,0.6,0.5999778015164275,FAR,FAR,0.0,1,,,0.0,300
C2_n0.00_d300_r05,C2,202617,16.7,16.4,0.3000000000000007,0.6,0.6,0.5999833511373207,FAR,FAR,0.0,1,,,0.0,300
C2_n0.00_d300_r05,C2,202617,16.72,16.42,0.29999999999999716,0.6,0.6,0.5999875133529905,FAR,FAR,0.0,1,,,0.0,300
C2_n0.00_d300_r05,C2,202617,16.74,16.44,0.29999999999999716,0.6,0.6,0.5999906350147429,FAR,FAR,0.0,1,,,0.0,300
C2_n0.00_d300_r05,C2,202617,16.76,16.46,0.3000000000000007,0.6,0.6,0.5999929762610572,FAR,FAR,0.0,1,,,0.0,300
C2_n0.00_d300_r05,C2,202617,16.78,16.48,0.3000000000000007,0.6,0.6,0.5999947321957929,FAR,FAR,0.0,1,,,0.0,300
C2_n0.00_d300_r05,C2,202617,16.8,16.5,0.3000000000000007,0.6,0.6,0.5999960491468447,FAR,FAR,0.0,1,,,0.0,300
C2_n0.00_d300_r05,C2,202617,16.82,16.52,0.3000000000000007,0.6,0.6,0.5999970368601335,FAR,FAR,0.0,1,,,0.0,300
C2_n0.00_d300_r05,C2,202617,16.84,16.54,0.3000000000000007,0.6,0.6,0.5999977776451001,FAR,FAR,0.0,1,,,0.0,300
C2_n0.00_d300_r05,C2,202617,16.86,16.56,0.3000000000000007,0.6,0.6,0.5999983332338251,FAR,FAR,0.0,1,,,0.0,300
C2_n0.00_d300_r05,C2,202617,16.88,16.58,0.3000000000000007,0.6,0.6,0.5999987499253688,FAR,FAR,0.0,1,,,0.0,300
C2_n0.00_d300_r05,C2,202617,16.9,16.6,0.29999999999999716,0.6,0.6,0.5999990624440267,FAR,FAR,0.0,1,,,0.0,300
C2_n0.00_d300_r05,C2,202617,16.92,16.62,0.3000000000000007,0.6,0.6,0.59999929683302,FAR,FAR,0.0,1,,,0.0,300
C2_n0.00_d300_r05,C2,202617,16.94,16.64,0.3000000000000007,0.6,0.6,0.599999472624765,FAR,FAR,0.0,1,,,0.0,300
C2_n0.00_d300_r05,C2,202617,16.96,16.66,0.3000000000000007,0.6,0.6,0.5999996044685738,FAR,FAR,0.0,1,,,0.0,300
C2_n0.00_d300_r05,C2,202617,16.98,16.68,0.3000000000000007,0.6,0.6,0.5999997033514304,FAR,FAR,0.0,1,,,0.0,300
C2_n0.00_d300_r05,C2,202617,17.0,16.7,0.3000000000000007,0.6,0.6,0.5999997775135728,FAR,FAR,0.0,1,,,0.0,300
C2_n0.00_d300_r05,C2,202617,17.02,16.72,0.3000000000000007,0.6,0.6,0.5999998331351796,FAR,FAR,0.0,1,,,0.0,300
C2_n0.00_d300_r05,C2,202617,17.04,16.74,0.3000000000000007,0.6,0.6,0.5999998748513847,FAR,FAR,0.0,1,,,0.0,300
C2_n0.00_d300_r05,C2,202617,17.06,16.76,0.29999999999999716,0.6,0.6,0.5999999061385386,FAR,FAR,0.0,1,,,0.0,300
C2_n0.00_d300_r05,C2,202617,17.08,16.78,0.29999999999999716,0.6,0.6,0.5999999296039039,FAR,FAR,0.0,1,,,0.0,300
C2_n0.00_d300_r05,C2,202617,17.1,16.8,0.3000000000000007,0.6,0.6,0.5999999472029279,FAR,FAR,0.0,1,,,0.0,300
C2_n0.00_d300_r05,C2,202617,17.12,16.82,0.3000000000000007,0.6,0.6,0.5999999604021959,FAR,FAR,0.0,1,,,0.0,300
C2_n0.00_d300_r05,C2,202617,17.14,16.84,0.3000000000000007,0.6,0.6,0.599999970301647,FAR,FAR,0.0,1,,,0.0,300
C2_n0.00_d300_r05,C2,202617,17.16,16.86,0.3000000000000007,0.6,0.6,0.5999999777262353,FAR,FAR,0.0,1,,,0.0,300
C2_n0.00_d300_r05,C2,202617,17.18,16.88,0.3000000000000007,0.6,0.6,0.5999999832946764,FAR,FAR,0.0,1,,,0.0,300
C2_n0.00_d300_r05,C2,202617,17.2,16.9,0.3000000000000007,0.6,0.6,0.5999999874710074,FAR,FAR,0.0,1,,,0.0,300
C2_n0.00_d300_r05,C2,202617,17.22,16.92,0.29999999999999716,0.6,0.6,0.5999999906032555,FAR,FAR,0.0,1,,,0.0,300
C2_n0.00_d300_r05,C2,202617,17.24,16.94,0.29999999999999716,0.6,0.6,0.5999999929524417,FAR,FAR,0.0,1,,,0.0,300
C2_n0.00_d300_r05,C2,202617,17.26,16.96,0.3000000000000007,0.6,0.6,0.5999999947143313,FAR,FAR,0.0,1,,,0.0,300
C2_n0.00_d300_r05,C2,202617,17.28,16.98,0.3000000000000007,0.6,0.6,0.5999999960357485,FAR,FAR,0.0,1,,,0.0,300
C2_n0.00_d300_r05,C2,202617,17.3,17.0,0.3000000000000007,0.6,0.6,0.5999999970268114,FAR,FAR,0.0,1,,,0.0,300
C2_n0.00_d300_r05,C2,202617,17.32,17.02,0.3000000000000007,0.6,0.6,0.5999999977701086,FAR,FAR,0.0,1,,,0.0,300
C2_n0.00_d300_r05,C2,202617,17.34,17.04,0.3000000000000007,0.6,0.6,0.5999999983275814,FAR,FAR,0.0,1,,,0.0,300
C2_n0.00_d300_r05,C2,202617,17.36,17.06,0.3000000000000007,0.6,0.6,0.5999999987456861,FAR,FAR,0.0,1,,,0.0,300
C2_n0.00_d300_r05,C2,202617,17.38,17.08,0.3000000000000007,0.6,0.6,0.5999999990592646,FAR,FAR,0.0,1,,,0.0,300
C2_n0.00_d300_r05,C2,202617,17.4,17.1,0.29999999999999716,0.6,0.6,0.5999999992944485,FAR,FAR,0.0,1,,,0.0,300
C2_n0.00_d300_r05,C2,202617,17.42,17.12,0.3000000000000007,0.6,0.6,0.5999999994708364,FAR,FAR,0.0,1,,,0.0,300
C2_n0.00_d300_r05,C2,202617,17.44,17.14,0.3000000000000007,0.6,0.6,0.5999999996031273,FAR,FAR,0.0,1,,,0.0,300
C2_n0.00_d300_r05,C2,202617,17.46,17.16,0.3000000000000007,0.6,0.6,0.5999999997023455,FAR,FAR,0.0,1,,,0.0,300
C2_n0.00_d300_r05,C2,202617,17.48,17.18,0.3000000000000007,0.6,0.6,0.5999999997767591,FAR,FAR,0.0,1,,,0.0,300
C2_n0.00_d300_r05,C2,202617,17.5,17.2,0.3000000000000007,0.6,0.6,0.5999999998325694,FAR,FAR,0.0,1,,,0.0,300
C2_n0.00_d300_r05,C2,202617,17.52,17.22,0.3000000000000007,0.6,0.6,0.599999999874427,FAR,FAR,0.0,1,,,0.0,300
C2_n0.00_d300_r05,C2,202617,17.54,17.24,0.3000000000000007,0.6,0.6,0.5999999999058202,FAR,FAR,0.0,1,,,0.0,300
C2_n0.00_d300_r05,C2,202617,17.56,17.26,0.29999999999999716,0.6,0.6,0.5999999999293651,FAR,FAR,0.0,1,,,0.0,300
C2_n0.00_d300_r05,C2,202617,17.58,17.28,0.29999999999999716,0.6,0.6,0.5999999999470239,FAR,FAR,0.0,1,,,0.0,300
C2_n0.00_d300_r05,C2,202617,17.6,17.3,0.3000000000000007,0.6,0.6,0.599999999960268,FAR,FAR,0.0,1,,,0.0,300
C2_n0.00_d300_r05,C2,202617,17.62,17.32,0.3000000000000007,0.6,0.6,0.599999999970201,FAR,FAR,0.0,1,,,0.0,300
C2_n0.00_d300_r05,C2,202617,17.64,17.34,0.3000000000000007,0.6,0.6,0.5999999999776507,FAR,FAR,0.0,1,,,0.0,300
C2_n0.00_d300_r05,C2,202617,17.66,17.36,0.3000000000000007,0.6,0.6,0.599999999983238,FAR,FAR,0.0,1,,,0.0,300
C2_n0.00_d300_r05,C2,202617,17.68,17.38,0.3000000000000007,0.6,0.6,0.5999999999874286,FAR,FAR,0.0,1,,,0.0,300
C2_n0.00_d300_r05,C2,202617,17.7,17.4,0.3000000000000007,0.6,0.6,0.5999999999905714,FAR,FAR,0.0,1,,,0.0,300
C2_n0.00_d300_r05,C2,202617,17.72,17.42,0.29999999999999716,0.6,0.6,0.5999999999929285,FAR,FAR,0.0,1,,,0.0,300
C2_n0.00_d300_r05,C2,202617,17.74,17.44,0.29999999999999716,0.6,0.6,0.5999999999946964,FAR,FAR,0.0,1,,,0.0,300
C2_n0.00_d300_r05,C2,202617,17.76,17.46,0.3000000000000007,0.6,0.6,0.5999999999960224,FAR,FAR,0.0,1,,,0.0,300
C2_n0.00_d300_r05,C2,202617,17.78,17.48,0.3000000000000007,0.6,0.6,0.5999999999970168,FAR,FAR,0.0,1,,,0.0,300
C2_n0.00_d300_r05,C2,202617,17.8,17.5,0.3000000000000007,0.6,0.6,0.5999999999977627,FAR,FAR,0.0,1,,,0.0,300
C2_n0.00_d300_r05,C2,202617,17.82,17.52,0.3000000000000007,0.6,0.6,0.599999999998322,FAR,FAR,0.0,1,,,0.0,300
C2_n0.00_d300_r05,C2,202617,17.84,17.54,0.3000000000000007,0.6,0.6,0.5999999999987415,FAR,FAR,0.0,1,,,0.0,300
C2_n0.00_d300_r05,C2,202617,17.86,17.56,0.3000000000000007,0.6,0.6,0.5999999999990562,FAR,FAR,0.0,1,,,0.0,300
C2_n0.00_d300_r05,C2,202617,17.88,17.58,0.3000000000000007,0.6,0.6,0.5999999999992921,FAR,FAR,0.0,1,,,0.0,300
C2_n0.00_d300_r05,C2,202617,17.9,17.6,0.29999999999999716,0.6,0.6,0.5999999999994691,FAR,FAR,0.0,1,,,0.0,300
C2_n0.00_d300_r05,C2,202617,17.92,17.62,0.3000000000000007,0.6,0.6,0.5999999999996019,FAR,FAR,0.0,1,,,0.0,300
C2_n0.00_d300_r05,C2,202617,17.94,17.64,0.3000000000000007,0.6,0.6,0.5999999999997014,FAR,FAR,0.0,1,,,0.0,300
C2_n0.00_d300_r05,C2,202617,17.96,17.66,0.3000000000000007,0.6,0.6,0.599999999999776,FAR,FAR,0.0,1,,,0.0,300
C2_n0.00_d300_r05,C2,202617,17.98,17.68,0.3000000000000007,0.6,0.6,0.599999999999832,FAR,FAR,0.0,1,,,0.0,300
C2_n0.00_d300_r05,C2,202617,18.0,17.7,0.3000000000000007,0.6,0.6,0.599999999999874,FAR,FAR,0.0,1,,,0.0,300
C2_n0.00_d300_r05,C2,202617,18.02,17.72,0.3000000000000007,0.6,0.6,0.5999999999999055,FAR,FAR,0.0,1,,,0.0,300
C2_n0.00_d300_r05,C2,202617,18.04,17.74,0.3000000000000007,0.6,0.6,0.5999999999999291,FAR,FAR,0.0,1,,,0.0,300
C2_n0.00_d300_r05,C2,202617,18.06,17.76,0.29999999999999716,0.6,0.6,0.5999999999999469,FAR,FAR,0.0,1,,,0.0,300
C2_n0.00_d300_r05,C2,202617,18.08,17.78,0.29999999999999716,0.6,0.6,0.5999999999999602,FAR,FAR,0.0,1,,,0.0,300
C2_n0.00_d300_r05,C2,202617,18.1,17.8,0.3000000000000007,0.6,0.6,0.5999999999999702,FAR,FAR,0.0,1,,,0.0,300
C2_n0.00_d300_r05,C2,202617,18.12,17.82,0.3000000000000007,0.6,0.6,0.5999999999999777,FAR,FAR,0.0,1,,,0.0,300
C2_n0.00_d300_r05,C2,202617,18.14,17.84,0.3000000000000007,0.6,0.6,0.5999999999999832,FAR,FAR,0.0,1,,,0.0,300
C2_n0.00_d300_r05,C2,202617,18.16,17.86,0.3000000000000007,0.6,0.6,0.5999999999999874,FAR,FAR,0.0,1,,,0.0,300
C2_n0.00_d300_r05,C2,202617,18.18,17.88,0.3000000000000007,0.6,0.6,0.5999999999999905,FAR,FAR,0.0,1,,,0.0,300
C2_n0.00_d300_r05,C2,202617,18.2,17.9,0.3000000000000007,0.6,0.6,0.5999999999999929,FAR,FAR,0.0,1,,,0.0,300
C2_n0.00_d300_r05,C2,202617,18.22,17.92,0.29999999999999716,0.6,0.6,0.5999999999999946,FAR,FAR,0.0,1,,,0.0,300
C2_n0.00_d300_r05,C2,202617,18.24,17.94,0.29999999999999716,0.6,0.6,0.599999999999996,FAR,FAR,0.0,1,,,0.0,300
C2_n0.00_d300_r05,C2,202617,18.26,17.96,0.3000000000000007,0.6,0.6,0.599999999999997,FAR,FAR,0.0,1,,,0.0,300
C2_n0.00_d300_r05,C2,202617,18.28,17.98,0.3000000000000007,0.6,0.6,0.5999999999999978,FAR,FAR,0.0,1,,,0.0,300
C2_n0.00_d300_r05,C2,202617,18.3,18.0,0.3000000000000007,0.6,0.6,0.5999999999999983,FAR,FAR,0.0,1,,,0.0,300
C2_n0.00_d300_r05,C2,202617,18.32,18.02,0.3000000000000007,0.6,0.6,0.5999999999999988,FAR,FAR,0.0,1,,,0.0,300
C2_n0.00_d300_r05,C2,202617,18.34,18.04,0.3000000000000007,0.6,0.6,0.5999999999999991,FAR,FAR,0.0,1,,,0.0,300
C2_n0.00_d300_r05,C2,202617,18.36,18.06,0.3000000000000007,0.6,0.6,0.5999999999999993,FAR,FAR,0.0,1,,,0.0,300
C2_n0.00_d300_r05,C2,202617,18.38,18.08,0.3000000000000007,0.6,0.6,0.5999999999999995,FAR,FAR,0.0,1,,,0.0,300
C2_n0.00_d300_r05,C2,202617,18.4,18.1,0.29999999999999716,0.6,0.6,0.5999999999999996,FAR,FAR,0.0,1,,,0.0,300
C2_n0.00_d300_r05,C2,202617,18.42,18.12,0.3000000000000007,0.6,0.6,0.5999999999999998,FAR,FAR,0.0,1,,,0.0,300
C2_n0.00_d300_r05,C2,202617,18.44,18.14,0.3000000000000007,0.6,0.6,0.5999999999999999,FAR,FAR,0.0,1,,,0.0,300
C2_n0.00_d300_r05,C2,202617,18.46,18.16,0.3000000000000007,0.6,0.6,0.5999999999999999,FAR,FAR,0.0,1,,,0.0,300
C2_n0.00_d300_r05,C2,202617,18.48,18.18,0.3000000000000007,0.6,0.6,0.5999999999999999,FAR,FAR,0.0,1,,,0.0,300
C2_n0.00_d300_r05,C2,202617,18.5,18.2,0.3000000000000007,0.6,0.6,0.5999999999999999,FAR,FAR,0.0,1,,,0.0,300
C2_n0.00_d300_r05,C2,202617,18.52,18.22,0.3000000000000007,0.6,0.6,0.5999999999999999,FAR,FAR,0.0,1,,,0.0,300
C2_n0.00_d300_r05,C2,202617,18.54,18.24,0.3000000000000007,0.6,0.6,0.5999999999999999,FAR,FAR,0.0,1,,,0.0,300
C2_n0.00_d300_r05,C2,202617,18.56,18.26,0.29999999999999716,0.6,0.6,0.5999999999999999,FAR,FAR,0.0,1,,,0.0,300
C2_n0.00_d300_r05,C2,202617,18.58,18.28,0.29999999999999716,0.6,0.6,0.5999999999999999,FAR,FAR,0.0,1,,,0.0,300
C2_n0.00_d300_r05,C2,202617,18.6,18.3,0.3000000000000007,0.6,0.6,0.5999999999999999,FAR,FAR,0.0,1,,,0.0,300
C2_n0.00_d300_r05,C2,202617,18.62,18.32,0.3000000000000007,0.6,0.6,0.5999999999999999,FAR,FAR,0.0,1,,,0.0,300
C2_n0.00_d300_r05,C2,202617,18.64,18.34,0.3000000000000007,0.6,0.6,0.5999999999999999,FAR,FAR,0.0,1,,,0.0,300
C2_n0.00_d300_r05,C2,202617,18.66,18.36,0.3000000000000007,0.6,0.6,0.5999999999999999,FAR,FAR,0.0,1,,,0.0,300
C2_n0.00_d300_r05,C2,202617,18.68,18.38,0.3000000000000007,0.6,0.6,0.5999999999999999,FAR,FAR,0.0,1,,,0.0,300
C2_n0.00_d300_r05,C2,202617,18.7,18.4,0.3000000000000007,0.6,0.6,0.5999999999999999,FAR,FAR,0.0,1,,,0.0,300
C2_n0.00_d300_r05,C2,202617,18.72,18.42,0.29999999999999716,0.6,0.6,0.5999999999999999,FAR,FAR,0.0,1,,,0.0,300
C2_n0.00_d300_r05,C2,202617,18.74,18.44,0.29999999999999716,0.6,0.6,0.5999999999999999,FAR,FAR,0.0,1,,,0.0,300
C2_n0.00_d300_r05,C2,202617,18.76,18.46,0.3000000000000007,0.6,0.6,0.5999999999999999,FAR,FAR,0.0,1,,,0.0,300
C2_n0.00_d300_r05,C2,202617,18.78,18.48,0.3000000000000007,0.6,0.6,0.5999999999999999,FAR,FAR,0.0,1,,,0.0,300
C2_n0.00_d300_r05,C2,202617,18.8,18.5,0.3000000000000007,0.6,0.6,0.5999999999999999,FAR,FAR,0.0,1,,,0.0,300
C2_n0.00_d300_r05,C2,202617,18.82,18.52,0.3000000000000007,0.6,0.6,0.5999999999999999,FAR,FAR,0.0,1,,,0.0,300
C2_n0.00_d300_r05,C2,202617,18.84,18.54,0.3000000000000007,0.6,0.6,0.5999999999999999,FAR,FAR,0.0,1,,,0.0,300
C2_n0.00_d300_r05,C2,202617,18.86,18.56,0.3000000000000007,0.6,0.6,0.5999999999999999,FAR,FAR,0.0,1,,,0.0,300
C2_n0.00_d300_r05,C2,202617,18.88,18.58,0.3000000000000007,0.6,0.6,0.5999999999999999,FAR,FAR,0.0,1,,,0.0,300
C2_n0.00_d300_r05,C2,202617,18.9,18.6,0.29999999999999716,0.6,0.6,0.5999999999999999,FAR,FAR,0.0,1,,,0.0,300
C2_n0.00_d300_r05,C2,202617,18.92,18.62,0.3000000000000007,0.6,0.6,0.5999999999999999,FAR,FAR,0.0,1,,,0.0,300
C2_n0.00_d300_r05,C2,202617,18.94,18.64,0.3000000000000007,0.6,0.6,0.5999999999999999,FAR,FAR,0.0,1,,,0.0,300
C2_n0.00_d300_r05,C2,202617,18.96,18.66,0.3000000000000007,0.6,0.6,0.5999999999999999,FAR,FAR,0.0,1,,,0.0,300
C2_n0.00_d300_r05,C2,202617,18.98,18.68,0.3000000000000007,0.6,0.6,0.5999999999999999,FAR,FAR,0.0,1,,,0.0,300
C2_n0.00_d300_r05,C2,202617,19.0,18.7,0.3000000000000007,0.6,0.6,0.5999999999999999,FAR,FAR,0.0,1,,,0.0,300
C2_n0.00_d300_r05,C2,202617,19.02,18.72,0.3000000000000007,0.6,0.6,0.5999999999999999,FAR,FAR,0.0,1,,,0.0,300
C2_n0.00_d300_r05,C2,202617,19.04,18.74,0.3000000000000007,0.6,0.6,0.5999999999999999,FAR,FAR,0.0,1,,,0.0,300
C2_n0.00_d300_r05,C2,202617,19.06,18.76,0.29999999999999716,0.6,0.6,0.5999999999999999,FAR,FAR,0.0,1,,,0.0,300
C2_n0.00_d300_r05,C2,202617,19.08,18.78,0.29999999999999716,0.6,0.6,0.5999999999999999,FAR,FAR,0.0,1,,,0.0,300
C2_n0.00_d300_r05,C2,202617,19.1,18.8,0.3000000000000007,0.6,0.6,0.5999999999999999,FAR,FAR,0.0,1,,,0.0,300
C2_n0.00_d300_r05,C2,202617,19.12,18.82,0.3000000000000007,0.6,0.6,0.5999999999999999,FAR,FAR,0.0,1,,,0.0,300
C2_n0.00_d300_r05,C2,202617,19.14,18.84,0.3000000000000007,0.6,0.6,0.5999999999999999,FAR,FAR,0.0,1,,,0.0,300
C2_n0.00_d300_r05,C2,202617,19.16,18.86,0.3000000000000007,0.6,0.6,0.5999999999999999,FAR,FAR,0.0,1,,,0.0,300
C2_n0.00_d300_r05,C2,202617,19.18,18.88,0.3000000000000007,0.6,0.6,0.5999999999999999,FAR,FAR,0.0,1,,,0.0,300
C2_n0.00_d300_r05,C2,202617,19.2,18.9,0.3000000000000007,0.6,0.6,0.5999999999999999,FAR,FAR,0.0,1,,,0.0,300
C2_n0.00_d300_r05,C2,202617,19.22,18.92,0.29999999999999716,0.6,0.6,0.5999999999999999,FAR,FAR,0.0,1,,,0.0,300
C2_n0.00_d300_r05,C2,202617,19.24,18.94,0.29999999999999716,0.6,0.6,0.5999999999999999,FAR,FAR,0.0,1,,,0.0,300
C2_n0.00_d300_r05,C2,202617,19.26,18.96,0.3000000000000007,0.6,0.6,0.5999999999999999,FAR,FAR,0.0,1,,,0.0,300
C2_n0.00_d300_r05,C2,202617,19.28,18.98,0.3000000000000007,0.6,0.6,0.5999999999999999,FAR,FAR,0.0,1,,,0.0,300
C2_n0.00_d300_r05,C2,202617,19.3,19.0,0.3000000000000007,0.6,0.6,0.5999999999999999,FAR,FAR,0.0,1,,,0.0,300
C2_n0.00_d300_r05,C2,202617,19.32,19.02,0.3000000000000007,0.6,0.6,0.5999999999999999,FAR,FAR,0.0,1,,,0.0,300
C2_n0.00_d300_r05,C2,202617,19.34,19.04,0.3000000000000007,0.6,0.6,0.5999999999999999,FAR,FAR,0.0,1,,,0.0,300
C2_n0.00_d300_r05,C2,202617,19.36,19.06,0.3000000000000007,0.6,0.6,0.5999999999999999,FAR,FAR,0.0,1,,,0.0,300
C2_n0.00_d300_r05,C2,202617,19.38,19.08,0.3000000000000007,0.6,0.6,0.5999999999999999,FAR,FAR,0.0,1,,,0.0,300
C2_n0.00_d300_r05,C2,202617,19.4,19.1,0.29999999999999716,0.6,0.6,0.5999999999999999,FAR,FAR,0.0,1,,,0.0,300
C2_n0.00_d300_r05,C2,202617,19.42,19.12,0.3000000000000007,0.6,0.6,0.5999999999999999,FAR,FAR,0.0,1,,,0.0,300
C2_n0.00_d300_r05,C2,202617,19.44,19.14,0.3000000000000007,0.6,0.6,0.5999999999999999,FAR,FAR,0.0,1,,,0.0,300
C2_n0.00_d300_r05,C2,202617,19.46,19.16,0.3000000000000007,0.6,0.6,0.5999999999999999,FAR,FAR,0.0,1,,,0.0,300
C2_n0.00_d300_r05,C2,202617,19.48,19.18,0.3000000000000007,0.6,0.6,0.5999999999999999,FAR,FAR,0.0,1,,,0.0,300
C2_n0.00_d300_r05,C2,202617,19.5,19.2,0.3000000000000007,0.6,0.6,0.5999999999999999,FAR,FAR,0.0,1,,,0.0,300
C2_n0.00_d300_r05,C2,202617,19.52,19.22,0.3000000000000007,0.6,0.6,0.5999999999999999,FAR,FAR,0.0,1,,,0.0,300
C2_n0.00_d300_r05,C2,202617,19.54,19.24,0.3000000000000007,0.6,0.6,0.5999999999999999,FAR,FAR,0.0,1,,,0.0,300
C2_n0.00_d300_r05,C2,202617,19.56,19.26,0.29999999999999716,0.6,0.6,0.5999999999999999,FAR,FAR,0.0,1,,,0.0,300
C2_n0.00_d300_r05,C2,202617,19.58,19.28,0.29999999999999716,0.6,0.6,0.5999999999999999,FAR,FAR,0.0,1,,,0.0,300
C2_n0.00_d300_r05,C2,202617,19.6,19.3,0.3000000000000007,0.6,0.6,0.5999999999999999,FAR,FAR,0.0,1,,,0.0,300
C2_n0.00_d300_r05,C2,202617,19.62,19.32,0.3000000000000007,0.6,0.6,0.5999999999999999,FAR,FAR,0.0,1,,,0.0,300
C2_n0.00_d300_r05,C2,202617,19.64,19.34,0.3000000000000007,0.6,0.6,0.5999999999999999,FAR,FAR,0.0,1,,,0.0,300
C2_n0.00_d300_r05,C2,202617,19.66,19.36,0.3000000000000007,0.6,0.6,0.5999999999999999,FAR,FAR,0.0,1,,,0.0,300
C2_n0.00_d300_r05,C2,202617,19.68,19.38,0.3000000000000007,0.6,0.6,0.5999999999999999,FAR,FAR,0.0,1,,,0.0,300
C2_n0.00_d300_r05,C2,202617,19.7,19.4,0.3000000000000007,0.6,0.6,0.5999999999999999,FAR,FAR,0.0,1,,,0.0,300
C2_n0.00_d300_r05,C2,202617,19.72,19.42,0.29999999999999716,0.6,0.6,0.5999999999999999,FAR,FAR,0.0,1,,,0.0,300
C2_n0.00_d300_r05,C2,202617,19.74,19.44,0.29999999999999716,0.6,0.6,0.5999999999999999,FAR,FAR,0.0,1,,,0.0,300
C2_n0.00_d300_r05,C2,202617,19.76,19.46,0.3000000000000007,0.6,0.6,0.5999999999999999,FAR,FAR,0.0,1,,,0.0,300
C2_n0.00_d300_r05,C2,202617,19.78,19.48,0.3000000000000007,0.6,0.6,0.5999999999999999,FAR,FAR,0.0,1,,,0.0,300
C2_n0.00_d300_r05,C2,202617,19.8,19.5,0.3000000000000007,0.6,0.6,0.5999999999999999,FAR,FAR,0.0,1,,,0.0,300
C2_n0.00_d300_r05,C2,202617,19.82,19.52,0.3000000000000007,0.6,0.6,0.5999999999999999,FAR,FAR,0.0,1,,,0.0,300
C2_n0.00_d300_r05,C2,202617,19.84,19.54,0.3000000000000007,0.6,0.6,0.5999999999999999,FAR,FAR,0.0,1,,,0.0,300
C2_n0.00_d300_r05,C2,202617,19.86,19.56,0.3000000000000007,0.6,0.6,0.5999999999999999,FAR,FAR,0.0,1,,,0.0,300
C2_n0.00_d300_r05,C2,202617,19.88,19.58,0.3000000000000007,0.6,0.6,0.5999999999999999,FAR,FAR,0.0,1,,,0.0,300
C2_n0.00_d300_r05,C2,202617,19.9,19.6,0.29999999999999716,0.6,0.6,0.5999999999999999,FAR,FAR,0.0,1,,,0.0,300
C2_n0.00_d300_r05,C2,202617,19.92,19.62,0.3000000000000007,0.6,0.6,0.5999999999999999,FAR,FAR,0.0,1,,,0.0,300
C2_n0.00_d300_r05,C2,202617,19.94,19.64,0.3000000000000007,0.6,0.6,0.5999999999999999,FAR,FAR,0.0,1,,,0.0,300
C2_n0.00_d300_r05,C2,202617,19.96,19.66,0.3000000000000007,0.6,0.6,0.5999999999999999,FAR,FAR,0.0,1,,,0.0,300
C2_n0.00_d300_r05,C2,202617,19.98,19.68,0.3000000000000007,0.6,0.6,0.5999999999999999,FAR,FAR,0.0,1,,,0.0,300
C2_n0.00_d300_r05,C2,202617,20.0,19.7,0.3000000000000007,0.6,0.6,0.5999999999999999,FAR,FAR,0.0,1,,,0.0,300
